0 1
0 5
0 15
0 41
2 3
2 4
2 5
2 20
2 24
2 25
2 52
3 4
3 5
4 5
4 11
4 20
4 26
5 13
5 20
5 26
5 39
6 7
6 12
6 33
6 34
6 42
6 43
6 51
6 55
8 9
8 11
8 23
8 26
8 40
8 41
8 43
9 10
9 11
10 13
10 15
10 25
10 31
10 36
10 41
11 12
11 14
12 13
12 34
12 36
12 38
13 14
13 15
13 16
13 17
13 18
13 38
13 47
14 15
14 16
14 20
14 22
14 37
14 39
15 16
15 19
15 20
15 22
15 26
16 20
16 24
16 26
16 35
17 24
17 25
17 28
17 32
17 35
17 37
17 38
17 40
17 43
18 25
18 26
18 28
18 47
18 49
19 20
19 21
19 26
19 27
19 28
19 29
20 21
20 22
20 23
20 26
20 36
21 26
21 27
21 33
21 34
21 35
21 37
21 38
21 39
22 23
22 28
22 30
22 31
22 39
23 24
23 26
23 27
23 33
23 48
23 50
25 35
25 40
25 42
25 43
26 27
26 28
26 29
27 33
28 35
33 34
33 36
33 38
34 35
34 36
35 36
35 37
35 38
36 37
36 38
36 46
36 48
37 38
37 40
37 46
37 48
38 39
38 46
38 48
39 42
39 45
41 42
41 47
41 53
41 54
41 56
42 43
42 44
43 44
