0 1
0 2
0 6
0 20
0 21
0 23
0 26
3 4
3 5
3 7
3 10
3 12
3 19
3 25
8 9
8 10
8 11
8 12
8 20
8 26
8 37
9 10
10 12
10 20
10 32
10 34
11 12
12 16
12 20
12 25
12 27
12 33
13 37
13 46
13 51
13 54
14 15
14 16
14 18
14 31
14 33
14 45
14 52
15 16
15 20
15 28
15 42
15 52
16 29
16 30
16 42
16 47
17 18
17 20
17 27
17 31
17 40
18 19
18 20
18 21
18 26
18 39
18 40
19 23
19 25
19 27
19 50
20 37
22 23
22 29
22 37
22 43
22 48
23 24
23 25
23 37
23 38
24 25
24 26
24 27
24 31
24 32
25 38
25 39
26 27
26 28
26 29
26 30
26 31
26 41
27 28
27 31
27 32
27 55
28 29
28 33
28 44
29 33
29 42
29 49
30 31
30 41
31 32
31 41
31 53
33 34
33 35
33 36
37 40
37 41
37 42
