0 1
0 7
0 8
0 22
2 3
2 6
2 7
2 9
2 10
2 13
2 14
2 16
2 17
2 20
2 22
2 23
2 24
3 4
3 5
3 6
3 7
3 8
3 9
3 13
3 19
4 8
4 9
4 15
4 20
4 21
4 23
4 25
4 26
4 28
4 34
5 6
5 7
5 8
5 9
5 10
5 11
5 15
5 17
5 20
5 21
5 24
5 28
6 11
6 15
6 16
6 17
6 18
6 24
7 20
7 24
8 18
8 25
8 26
8 28
8 30
8 31
9 10
9 12
9 13
9 15
9 18
9 19
9 30
10 11
10 20
11 20
11 21
11 22
11 23
12 13
12 14
13 14
13 18
13 25
13 31
14 24
14 31
15 22
15 26
16 22
16 23
16 25
16 34
17 20
17 23
18 21
18 22
18 28
18 29
18 30
19 22
19 24
19 26
19 28
19 30
20 21
20 23
20 24
21 23
21 25
21 27
21 28
22 24
22 26
22 31
23 27
23 30
23 34
24 25
24 32
25 29
25 30
25 31
26 34
28 30
29 30
29 31
29 34
30 31
30 33
