0 1
0 2
0 5
0 6
0 7
0 56
3 4
3 47
3 49
3 53
3 54
3 56
3 60
3 64
3 66
3 68
3 79
3 86
8 9
8 10
8 17
8 25
8 29
8 31
8 32
8 34
8 45
8 46
8 64
11 12
11 13
11 14
11 65
11 95
15 16
15 19
15 47
15 70
15 73
15 87
15 108
15 109
17 18
17 31
17 32
17 35
19 20
19 37
19 47
19 54
19 57
19 61
21 22
21 47
21 52
21 54
21 55
21 57
21 58
21 69
21 72
21 107
23 24
23 27
23 28
23 32
23 39
25 26
25 32
25 40
25 42
25 44
25 46
29 30
29 33
29 36
29 48
29 56
29 96
37 38
37 61
37 63
37 92
37 96
40 41
40 44
40 60
40 66
40 80
40 97
42 43
42 44
42 45
42 46
43 44
43 79
44 45
44 59
45 46
46 72
47 48
47 49
47 50
47 51
47 52
47 53
47 54
47 55
47 56
47 57
48 54
48 55
48 95
49 52
49 55
49 100
50 51
50 53
50 79
50 84
50 88
51 53
51 91
51 92
51 95
51 99
52 53
52 56
52 73
53 55
53 58
53 60
53 73
53 80
54 55
54 57
54 64
54 66
54 95
55 57
55 72
55 73
55 90
55 98
56 80
57 66
57 70
57 99
58 101
58 104
58 106
60 67
60 79
60 88
61 62
61 63
61 96
61 99
62 63
63 86
63 96
64 68
64 72
64 93
65 66
66 72
68 70
68 71
68 74
68 91
69 70
70 72
73 79
74 75
75 76
75 77
75 78
75 82
80 81
80 83
80 85
80 89
92 94
92 95
92 98
99 102
99 103
99 105
