0 1
0 5
0 6
0 7
0 8
0 9
0 10
0 11
0 12
0 30
1 2
1 3
1 4
1 5
1 6
1 7
1 8
1 22
1 34
2 15
2 25
2 30
2 35
2 62
3 4
3 5
3 10
3 13
3 18
3 21
3 22
3 34
3 65
4 7
4 15
4 18
4 54
4 62
5 8
5 19
5 62
5 66
6 25
6 45
6 68
7 12
7 28
7 32
7 45
7 46
8 10
8 17
8 18
8 22
8 72
8 76
9 20
9 46
9 59
9 65
9 66
9 81
10 15
10 18
10 59
10 60
11 15
11 20
11 21
11 30
11 59
12 39
12 43
12 45
12 47
12 49
13 14
13 15
13 16
13 41
13 54
14 21
14 29
14 45
14 61
15 16
15 17
15 18
15 19
15 21
15 38
15 41
16 30
16 71
16 85
16 95
16 96
17 30
17 37
17 38
18 28
18 33
18 34
18 38
19 29
19 54
19 57
19 59
19 60
19 66
19 79
20 30
20 59
20 76
21 28
21 30
21 38
21 40
21 41
21 49
21 54
21 71
22 32
22 34
22 65
22 66
23 24
23 45
23 49
23 77
23 80
26 27
26 29
26 66
26 99
27 28
27 29
28 29
28 30
28 32
28 34
28 54
28 56
28 62
28 65
29 32
29 33
29 34
29 54
29 56
29 58
29 66
30 31
30 32
31 32
31 41
31 57
31 65
31 92
32 33
32 34
32 36
32 58
32 67
33 42
33 45
33 47
33 56
34 46
34 49
34 54
34 56
34 58
34 60
34 65
36 37
36 42
36 43
36 48
36 49
37 38
38 40
38 41
38 42
38 48
38 52
40 70
40 71
40 74
40 78
41 42
41 75
42 43
42 50
42 53
42 56
43 44
43 45
43 49
43 51
43 53
43 55
44 45
44 58
44 67
44 69
45 49
45 54
46 64
46 65
46 89
46 93
47 56
47 65
47 72
49 83
49 87
49 97
49 100
54 57
54 58
54 59
54 60
54 61
54 63
54 65
56 65
57 59
57 70
57 92
57 101
58 63
58 65
58 66
59 60
59 70
59 79
60 70
60 92
60 101
61 65
61 83
61 87
61 88
62 70
62 76
62 98
65 73
65 84
66 69
66 82
82 86
82 90
82 91
82 94
