0 1
0 2
0 6
0 31
0 39
1 8
1 14
1 17
1 33
1 37
2 4
2 20
2 32
2 33
2 39
2 43
2 46
3 4
3 10
3 17
3 18
3 19
3 30
4 10
4 17
4 29
4 35
5 6
5 7
5 9
5 14
5 25
5 30
5 31
5 32
6 7
6 12
6 13
6 25
7 12
7 13
7 25
7 30
8 9
8 10
8 11
8 17
8 23
8 26
9 10
9 22
9 24
9 33
9 36
10 11
10 17
10 20
10 22
10 23
10 24
10 25
10 26
10 27
10 28
10 32
11 18
11 20
11 23
11 26
11 41
12 13
12 19
12 22
12 23
12 34
12 35
13 17
13 28
13 35
14 15
14 16
14 25
14 29
14 30
14 36
16 17
17 21
17 26
17 33
17 43
18 19
18 23
18 26
18 41
19 20
19 24
19 28
19 31
20 26
20 28
22 24
22 26
22 33
23 24
23 26
23 28
23 29
23 42
23 44
24 25
24 26
24 27
24 29
24 30
24 34
25 26
25 28
25 30
26 27
26 29
26 30
26 38
26 45
27 29
27 30
28 31
28 32
28 33
28 36
29 37
30 33
31 32
31 33
31 38
32 39
32 40
33 34
33 36
