0 1
0 3
0 8
0 9
0 11
0 37
0 38
0 54
2 3
2 15
2 16
2 25
2 41
2 46
2 49
3 4
3 5
4 11
4 12
4 13
4 14
4 15
4 22
4 30
5 24
5 25
5 35
5 49
6 7
6 12
6 15
6 32
6 35
9 10
9 11
9 20
9 25
9 27
9 29
9 36
10 11
11 12
11 13
11 20
11 24
11 30
11 35
12 18
12 20
12 22
12 24
13 15
13 22
13 23
13 28
13 30
13 31
13 35
13 37
13 44
13 46
14 22
14 32
14 35
14 37
14 38
15 21
15 25
15 41
15 42
15 46
16 17
16 26
16 32
16 37
16 40
16 41
16 45
16 47
16 49
17 19
17 23
17 24
17 34
17 38
18 19
18 20
18 21
18 24
18 27
18 31
18 37
20 30
20 33
20 38
20 40
20 42
21 24
21 25
21 31
21 40
22 35
22 37
22 38
24 25
24 26
25 32
25 35
25 46
25 49
26 30
26 31
26 37
27 28
28 30
28 37
28 53
30 32
30 35
30 37
31 32
31 34
31 41
31 43
31 45
32 38
32 47
33 34
34 41
34 45
34 46
34 49
34 50
35 36
35 37
35 38
35 44
37 38
38 39
38 40
40 47
40 52
41 42
41 43
41 45
42 43
43 45
43 49
43 50
44 45
44 47
46 51
47 48
47 49
