0 1
0 4
0 20
0 21
0 29
1 2
1 3
1 4
1 5
1 6
1 7
1 9
1 12
1 20
2 5
2 10
2 11
2 34
2 35
2 36
2 41
2 44
3 4
3 7
3 9
3 12
3 20
4 8
4 20
4 21
4 29
5 9
5 15
5 21
5 23
5 26
5 34
5 43
6 13
6 19
6 25
6 29
6 36
7 8
8 17
8 18
8 19
8 20
8 25
8 27
8 33
8 45
9 10
9 11
9 13
9 14
9 16
9 18
9 19
9 20
9 21
9 22
9 25
10 11
10 12
10 17
10 29
10 31
11 18
11 34
12 13
12 15
12 21
12 22
12 23
12 28
12 34
12 43
13 15
13 18
13 19
13 22
14 15
14 16
14 19
14 22
14 27
14 34
15 16
15 17
16 19
16 22
16 34
16 36
16 39
17 20
17 21
17 22
17 27
17 36
18 19
18 24
18 31
19 22
19 26
20 21
20 25
20 26
20 27
21 22
21 25
21 26
22 23
22 27
22 38
22 42
23 26
23 35
23 36
23 40
23 43
23 45
24 25
25 26
25 34
26 43
27 29
27 36
29 30
29 32
29 34
34 35
34 37
35 41
35 43
35 44
36 39
36 40
43 45
