0 1
0 4
0 22
0 29
0 42
2 3
2 10
2 28
2 29
2 30
2 31
2 32
2 43
4 5
4 8
4 9
4 24
4 29
4 44
6 7
6 11
6 15
6 27
6 29
6 37
8 9
9 12
9 14
9 30
9 31
9 32
9 36
9 41
12 13
12 17
12 18
12 24
12 31
15 16
15 23
15 25
15 32
15 35
15 46
17 18
17 19
17 20
17 26
17 27
17 28
17 29
17 30
20 21
20 24
20 26
20 29
24 25
24 26
25 28
25 34
25 39
25 42
25 44
26 35
26 48
27 32
27 36
27 39
27 48
27 49
28 32
28 36
28 39
29 30
29 31
29 40
29 41
29 42
30 33
30 35
30 39
30 45
31 35
31 45
32 36
34 35
34 37
34 40
34 41
34 42
35 36
35 42
35 44
35 48
36 39
36 47
36 48
37 38
37 41
39 49
40 41
40 42
40 43
41 42
41 43
41 46
