0 1
0 6
0 7
0 22
0 45
1 2
2 5
2 17
2 19
2 20
2 25
3 4
3 11
3 13
3 18
3 29
3 34
3 44
3 50
4 5
5 12
5 17
5 23
5 24
5 29
5 30
5 43
5 51
5 52
8 9
8 10
8 17
8 18
8 21
8 23
8 26
8 28
8 50
9 10
9 11
9 30
9 33
9 39
10 11
10 12
10 13
10 14
10 15
10 16
10 17
10 18
10 19
10 20
11 26
11 32
11 34
11 39
12 17
12 33
12 46
13 17
13 33
13 39
13 49
14 17
14 20
14 23
14 27
14 33
14 44
15 19
15 21
15 23
15 27
15 34
15 37
16 17
16 19
16 23
16 27
16 32
16 50
17 19
17 20
17 22
17 24
17 26
17 27
17 31
17 32
17 36
17 37
18 24
18 39
18 48
19 24
19 28
19 29
19 30
20 30
20 34
20 35
21 22
21 23
21 25
21 27
21 29
21 47
22 24
22 28
22 29
22 30
22 50
23 24
23 25
23 26
23 27
24 35
25 27
25 32
25 37
25 40
26 34
26 37
26 44
27 35
27 38
27 41
28 30
28 36
28 50
29 44
30 35
30 36
30 50
31 32
31 33
31 42
31 43
32 37
32 43
34 39
35 36
35 37
35 42
36 43
37 41
37 45
