0 1
0 2
0 5
0 11
0 12
0 13
0 54
1 2
1 3
1 4
1 5
1 6
1 9
1 11
1 17
1 52
2 13
2 31
2 36
2 40
2 52
3 11
3 52
3 63
3 64
3 65
4 13
4 19
4 30
4 31
4 36
4 41
5 12
5 13
5 14
5 21
5 23
5 27
5 28
5 29
5 32
5 53
6 7
6 8
7 10
7 20
7 26
7 27
7 52
8 11
8 16
8 18
8 19
8 21
8 24
8 25
8 28
10 11
10 21
10 22
10 23
10 24
11 54
12 13
12 34
12 52
12 58
13 23
13 25
14 15
14 33
14 40
14 44
19 20
19 40
19 42
19 59
20 32
20 36
20 43
20 52
20 60
21 24
21 53
22 23
22 28
22 34
22 41
23 26
23 27
23 29
23 37
23 40
23 51
24 35
24 38
24 40
24 45
25 26
25 27
25 30
25 40
25 48
25 55
26 32
26 50
26 52
27 34
27 38
27 40
27 46
28 34
28 35
29 40
29 41
29 47
30 31
30 36
30 47
30 57
30 58
30 61
31 32
32 36
32 53
32 54
32 56
36 40
36 52
36 56
38 39
38 49
38 62
40 41
40 46
40 52
40 54
