0 1
0 4
0 10
0 24
0 25
0 32
0 33
2 3
2 27
2 30
2 36
2 43
2 44
2 49
4 5
4 13
4 14
4 28
4 33
4 40
4 42
4 43
4 44
6 7
6 34
6 44
6 48
8 9
8 10
8 19
8 25
8 30
9 10
9 11
9 12
9 30
9 37
9 44
10 12
10 19
10 27
10 32
10 37
10 38
10 44
11 12
11 19
11 34
11 35
12 19
12 23
12 34
12 44
13 14
13 15
13 16
13 17
13 18
13 28
13 34
13 40
13 42
13 43
14 15
14 16
14 17
14 18
14 19
14 41
15 16
15 17
15 18
15 40
15 42
16 17
16 18
16 40
17 40
17 43
18 34
18 37
18 38
19 20
19 29
19 33
19 36
19 42
20 21
21 22
21 23
21 25
21 26
21 27
21 28
21 31
22 23
22 24
22 25
22 33
22 39
23 25
23 27
23 42
24 33
24 35
24 46
24 50
25 26
25 27
25 29
26 30
26 33
26 34
26 43
27 35
27 51
27 52
28 30
28 34
28 40
30 32
30 34
30 36
30 37
30 43
32 33
32 43
32 44
33 34
33 35
33 36
33 38
33 47
34 35
34 37
34 38
34 42
35 36
35 37
36 37
37 45
40 41
40 42
