0 1
0 8
0 13
0 14
0 17
0 19
0 23
0 25
2 3
2 7
2 13
2 14
2 15
2 16
2 17
2 30
3 4
4 25
4 26
4 33
4 34
4 37
5 6
5 9
5 10
5 12
5 20
5 22
5 25
5 28
5 31
5 34
5 35
5 37
5 40
10 11
10 22
10 25
10 34
10 40
10 41
10 49
10 52
10 54
13 15
13 17
13 24
13 25
13 28
13 38
14 16
14 17
14 40
14 49
14 50
15 17
15 19
15 24
15 25
15 29
15 31
15 37
16 17
16 34
16 41
16 49
17 18
17 50
20 21
20 23
20 28
20 32
20 37
20 41
20 47
22 23
22 24
22 39
22 40
23 24
24 27
24 33
24 37
25 33
25 35
27 28
28 30
30 31
31 34
31 35
31 43
35 36
35 42
37 38
37 39
40 44
40 50
41 49
41 51
41 53
44 45
44 46
44 47
44 48
