0 1
0 6
0 8
0 11
0 16
0 17
1 7
1 9
1 14
1 26
1 33
2 3
2 4
2 9
2 14
2 19
2 25
2 26
3 4
3 5
3 23
3 24
3 32
4 7
4 9
4 12
4 17
4 32
4 39
5 8
5 13
5 16
5 18
5 20
5 21
5 32
5 33
5 34
7 8
7 9
7 14
7 32
7 38
7 39
8 16
8 17
8 20
8 28
8 36
9 10
9 15
9 16
9 17
9 18
9 19
9 20
9 21
12 13
12 14
13 24
13 33
13 34
13 37
13 48
14 16
14 20
14 23
14 26
14 28
14 34
14 37
15 24
15 26
15 37
15 44
16 20
16 21
16 34
17 35
18 24
18 34
18 37
19 22
19 24
19 33
19 42
20 21
20 22
20 25
20 34
21 34
22 23
22 24
22 33
22 34
23 24
23 25
23 32
23 37
24 32
24 37
24 41
24 43
25 34
25 38
26 27
26 29
26 30
28 31
28 34
28 40
32 34
32 37
32 46
32 47
33 34
33 37
33 41
33 43
34 45
