0 1
0 2
0 3
0 4
0 11
0 33
2 3
2 4
2 5
2 6
2 8
2 9
2 13
2 14
2 15
2 17
2 20
2 21
2 24
2 25
3 4
3 5
3 13
4 13
4 17
4 20
4 21
5 8
5 11
5 15
5 18
5 22
6 7
6 8
6 17
6 20
8 13
8 17
8 18
8 20
8 21
8 23
9 10
9 12
9 16
9 21
9 23
9 24
9 26
10 11
10 12
10 13
10 14
11 12
11 17
11 20
11 21
11 23
11 24
12 13
12 16
12 35
14 16
14 17
14 18
14 34
14 35
15 22
16 17
16 18
16 20
16 35
17 18
17 21
17 34
18 20
18 21
18 26
18 31
19 20
19 22
19 24
19 27
19 28
20 21
21 24
21 32
23 30
23 33
24 26
24 29
24 33
35 36
35 37
