0 1
0 2
0 25
0 27
0 28
0 80
3 4
3 7
3 17
3 19
3 36
3 37
3 43
3 62
4 5
4 37
4 38
4 42
4 51
4 53
5 9
5 21
5 32
5 35
6 7
6 8
6 29
6 47
6 56
6 63
6 65
8 9
8 10
8 24
8 29
8 59
8 65
8 67
9 10
9 11
9 12
9 13
9 34
9 42
9 51
10 12
10 42
10 47
10 60
11 13
11 39
11 40
11 73
12 18
12 20
12 34
12 55
12 59
12 60
12 61
12 62
12 67
13 14
13 29
13 32
13 34
13 62
14 29
14 34
14 36
14 49
15 16
15 48
15 54
15 64
15 68
18 19
18 20
18 28
18 36
18 37
18 38
19 23
19 32
19 35
19 37
19 69
19 78
20 34
20 61
20 67
21 22
21 27
21 28
21 29
21 36
21 38
21 66
21 67
23 24
23 28
23 36
23 38
23 50
23 52
24 25
24 26
24 37
24 38
24 40
24 41
25 59
25 72
25 76
25 77
26 45
26 51
26 55
26 58
27 28
27 29
27 37
27 50
27 65
28 29
28 30
28 31
28 32
28 33
28 34
28 35
28 36
28 37
28 38
28 44
28 46
28 47
30 31
30 39
30 40
30 47
32 33
32 36
32 38
32 59
32 71
32 74
33 36
33 40
33 66
34 36
34 54
34 55
34 61
35 37
35 49
35 53
35 59
36 37
36 39
36 40
36 42
37 43
37 46
37 49
38 42
38 59
38 64
38 68
40 41
40 57
40 64
40 66
42 50
42 53
42 60
42 61
42 68
42 75
48 51
48 54
48 56
48 71
50 51
50 52
50 53
50 60
50 75
51 52
52 53
52 75
59 64
60 64
60 65
61 62
61 78
62 69
65 70
65 79
