0 1
0 8
0 10
0 12
0 15
0 16
0 17
0 20
0 22
0 25
0 26
2 3
2 5
2 7
2 8
2 9
2 10
2 11
2 12
2 22
3 4
3 5
3 6
3 7
3 10
3 22
3 23
4 17
4 27
5 8
5 10
5 13
5 17
5 22
5 23
6 7
6 13
6 18
6 19
6 21
6 24
7 10
7 22
8 10
8 11
8 19
8 23
9 11
9 16
9 17
9 20
9 22
9 24
10 22
10 23
11 12
11 22
11 24
11 27
12 20
12 25
12 26
13 14
13 15
13 19
13 21
15 17
15 24
15 25
15 26
16 18
16 20
16 21
16 24
17 19
17 20
17 22
17 23
17 24
17 25
17 26
18 19
18 20
18 21
18 24
19 20
19 23
19 24
20 21
20 22
20 25
21 22
21 23
21 25
22 23
22 24
23 25
24 26
25 26
26 27
