0 1
0 2
0 6
0 10
0 25
0 30
0 36
0 49
2 3
2 12
2 19
2 36
2 42
3 4
3 5
3 12
3 19
3 37
3 40
3 50
4 15
4 18
4 22
4 31
4 32
5 31
5 34
5 38
5 39
6 7
6 9
6 15
6 20
6 29
6 36
6 44
6 49
7 8
7 9
7 10
7 11
7 12
7 54
7 55
7 56
8 10
8 12
8 18
8 19
8 20
8 23
8 39
9 12
9 13
9 22
9 32
10 13
10 22
10 28
10 29
10 30
11 23
12 13
12 14
12 15
12 20
12 33
12 35
13 15
13 18
13 22
13 24
13 30
13 32
13 34
14 15
14 18
14 19
14 22
14 27
15 16
15 18
15 19
15 22
15 32
15 33
16 17
17 22
17 30
17 41
17 44
17 51
18 19
18 20
18 21
18 22
18 23
18 27
18 29
18 44
19 20
19 33
19 49
20 23
20 28
20 31
20 32
20 33
20 48
21 22
21 23
21 25
21 35
21 45
22 23
22 24
22 25
22 26
22 27
22 30
23 30
23 41
23 43
24 26
24 42
24 50
25 26
25 41
25 52
26 30
26 42
28 32
28 48
28 50
29 32
29 47
30 31
30 51
31 50
31 53
32 33
32 34
32 35
32 49
34 35
34 42
34 49
34 50
35 36
36 41
36 48
42 44
44 46
44 48
49 50
