0 1
0 7
0 19
0 33
0 37
0 41
0 43
0 48
2 3
2 10
2 25
2 40
2 49
2 86
3 4
4 11
4 16
4 28
4 55
4 85
5 6
5 8
5 9
5 16
5 22
5 56
6 7
6 67
6 76
6 77
6 78
7 9
7 16
7 25
7 33
7 48
8 23
8 27
8 35
8 42
8 83
8 84
9 22
9 60
9 79
10 11
10 34
10 40
10 49
11 12
11 13
11 18
11 23
11 25
11 52
11 53
12 19
12 31
12 34
12 70
12 80
12 81
13 23
13 25
13 29
13 37
13 49
13 50
14 15
14 18
14 22
14 25
14 29
14 32
14 35
16 17
16 19
16 22
16 33
16 58
16 65
18 19
18 21
18 22
18 25
18 32
18 49
18 51
18 58
19 32
19 56
20 21
20 36
20 46
20 56
20 75
21 34
21 40
21 45
21 46
21 57
22 23
22 28
22 44
22 51
22 58
23 24
23 25
23 32
23 34
23 42
24 25
24 26
24 28
24 38
24 40
25 27
25 34
25 40
27 28
27 39
28 65
29 30
29 35
29 36
29 37
29 59
31 32
31 56
31 74
31 82
32 33
32 34
32 44
32 54
32 60
33 36
33 49
33 51
33 56
34 40
34 47
34 51
35 42
35 54
36 37
36 50
36 59
40 44
40 48
40 56
40 59
42 49
42 72
42 73
43 44
44 56
44 64
48 68
49 61
49 62
49 63
49 66
56 67
56 69
56 70
56 71
56 81
59 61
59 62
59 63
