0 1
0 4
0 7
0 12
0 13
0 25
0 27
0 44
2 3
2 9
2 13
2 14
2 18
2 23
2 25
2 27
2 32
5 6
5 8
5 26
5 27
5 28
5 29
5 32
5 36
9 10
9 11
9 17
9 22
9 24
9 32
10 11
10 12
10 13
11 36
11 40
11 42
12 13
12 17
12 18
12 19
12 20
12 21
12 30
12 43
13 18
13 30
13 43
14 21
14 28
14 29
14 32
14 42
15 16
15 22
15 23
15 24
15 25
15 30
15 31
18 19
18 20
18 21
18 33
18 34
19 21
19 30
19 33
20 30
20 34
21 24
21 28
21 30
21 33
22 23
22 24
22 29
22 30
22 41
23 24
23 26
23 43
24 32
25 38
25 39
25 41
26 27
26 28
26 29
27 44
27 45
28 29
28 32
28 36
28 37
29 32
29 36
29 41
30 32
30 33
30 35
30 37
32 37
33 42
33 43
36 37
36 41
