0 1
0 12
0 13
0 19
0 27
0 29
0 38
2 3
2 7
2 25
2 28
2 30
2 33
4 5
4 12
4 14
4 15
4 16
4 24
5 6
5 7
5 11
5 12
5 28
6 11
6 17
6 18
6 19
6 39
6 45
7 25
7 26
7 28
7 34
8 9
8 10
8 11
8 18
8 21
8 24
9 10
9 11
10 11
10 15
10 20
10 22
10 36
10 38
11 15
11 17
11 19
11 22
12 13
12 18
12 23
12 27
12 29
12 39
13 19
13 27
13 44
14 15
14 16
14 22
14 27
14 36
14 37
14 38
14 40
15 37
16 18
16 20
16 23
16 26
16 27
16 29
16 34
16 36
17 18
17 22
17 25
17 26
17 29
17 37
17 40
18 19
18 36
18 38
19 27
19 29
19 38
19 39
25 30
25 33
25 35
26 28
26 29
26 30
26 37
27 29
27 37
29 30
29 37
29 40
30 31
30 32
30 33
30 35
36 37
36 41
37 42
37 43
38 40
