0 1
0 21
0 26
0 38
0 41
0 45
0 52
2 3
2 5
2 6
2 12
2 14
2 51
4 5
4 15
4 16
4 18
4 22
4 30
4 32
4 38
4 48
5 6
5 7
5 8
5 9
5 10
5 13
5 14
5 22
5 28
5 30
6 18
6 20
6 22
6 30
6 34
7 21
7 27
7 34
7 36
7 38
7 45
7 47
7 51
8 9
8 10
8 22
8 23
8 24
8 28
8 37
9 12
9 14
9 20
10 25
10 29
10 32
10 37
10 45
10 47
11 12
11 17
11 24
11 31
11 33
12 13
12 14
12 15
12 16
12 25
13 21
13 22
13 28
13 31
13 34
14 17
14 18
14 19
14 28
14 39
15 25
15 28
15 36
15 37
16 17
16 19
16 32
16 48
17 18
17 19
17 23
17 24
17 25
17 39
18 19
18 21
18 25
18 36
18 38
18 48
19 24
19 25
21 28
21 29
21 43
21 46
21 51
22 25
22 28
22 36
22 38
23 26
23 28
23 29
23 33
24 25
24 28
24 30
24 43
24 48
25 27
25 31
25 36
25 37
27 28
27 45
27 49
28 29
28 30
28 31
28 32
28 43
28 47
29 34
29 43
29 51
30 31
30 43
30 48
31 36
32 48
34 35
34 43
34 44
36 38
36 42
37 39
37 40
37 41
37 42
43 44
45 47
45 51
47 50
47 51
47 52
47 53
51 52
