0 1
0 2
0 3
0 13
0 17
0 20
0 36
4 5
4 8
4 9
4 10
4 14
4 15
4 34
4 41
5 6
5 7
5 13
5 23
5 29
5 40
6 11
6 18
6 20
6 29
6 40
6 52
7 19
7 29
7 36
7 44
7 50
8 9
8 11
8 14
8 16
8 17
8 18
8 20
8 25
8 35
8 41
9 14
9 17
9 23
9 53
10 11
10 13
10 20
10 22
10 25
10 40
10 48
11 12
11 15
11 22
11 23
11 24
11 29
11 30
11 31
11 34
12 13
13 25
13 48
13 51
14 15
14 16
14 35
15 16
15 17
15 18
15 20
15 22
15 23
16 20
16 34
16 52
17 34
17 49
17 53
17 54
18 22
18 29
18 39
18 40
19 20
19 22
19 34
19 36
20 21
20 38
20 46
20 47
21 35
21 37
21 39
21 45
22 23
22 24
22 25
23 28
23 32
23 35
23 36
23 39
24 26
24 28
24 29
24 33
24 52
25 36
25 51
26 27
26 28
27 28
27 29
27 32
27 40
27 43
28 30
28 32
28 33
29 30
29 32
29 40
29 44
30 33
30 44
30 53
32 33
33 34
33 40
33 48
33 54
34 36
34 54
35 39
35 42
36 50
