0 1
0 4
0 10
0 30
0 36
0 38
0 49
0 64
2 3
2 19
2 27
2 32
2 59
4 5
4 7
4 15
4 27
4 37
4 44
6 7
6 13
6 18
6 21
6 24
6 32
6 35
6 57
8 9
8 12
8 18
8 19
8 24
8 46
10 11
10 17
10 27
10 36
13 14
14 26
14 28
14 56
14 61
14 62
16 17
16 20
16 21
16 25
16 26
16 43
17 18
18 20
18 39
18 57
19 24
19 27
19 40
19 57
19 62
20 21
21 25
21 35
21 39
22 23
22 26
22 27
22 30
22 35
22 63
23 24
24 29
24 32
24 33
25 26
25 27
25 29
25 35
25 39
25 65
26 27
26 28
26 29
26 35
26 40
26 41
27 29
27 34
27 36
27 65
28 33
28 37
28 47
28 57
28 58
29 36
29 37
29 57
30 31
30 39
30 41
32 33
32 62
33 34
33 35
34 39
34 40
34 42
34 47
35 39
35 49
35 51
35 58
36 37
36 38
37 57
38 45
38 51
38 52
39 40
39 41
39 49
39 53
40 41
41 53
41 54
41 55
41 56
43 50
43 60
43 61
43 62
47 48
47 49
47 57
47 63
49 51
49 54
49 63
