0 1
0 2
0 13
0 16
0 17
3 4
3 31
3 40
3 44
3 50
3 53
3 54
4 5
4 6
5 6
5 13
5 16
5 21
5 23
5 25
5 32
5 33
5 34
5 35
5 42
5 43
6 11
6 12
6 13
6 14
6 16
6 23
7 8
7 12
7 13
7 24
7 28
7 47
8 9
8 11
8 24
8 37
8 43
8 47
9 10
9 11
9 45
9 46
9 58
10 12
10 21
10 24
10 45
10 48
11 16
11 17
11 18
11 23
12 16
12 17
12 20
12 21
12 22
12 23
12 29
12 30
12 33
12 34
12 36
12 39
12 42
12 44
13 14
13 16
13 57
14 15
14 16
15 16
15 26
15 32
15 37
16 17
16 18
16 19
16 20
16 21
16 22
16 23
16 27
17 20
17 25
17 32
17 44
17 49
17 56
18 23
18 25
18 29
18 41
18 53
19 43
20 23
20 25
20 29
20 35
21 23
21 53
21 55
22 29
22 30
22 32
22 40
24 25
25 48
29 30
29 31
29 32
29 37
29 38
29 40
30 31
30 32
30 33
30 34
30 35
30 36
30 40
31 38
31 47
31 53
31 54
32 42
33 34
33 35
33 36
33 38
33 39
33 40
33 43
33 44
34 36
34 39
34 40
34 41
35 53
36 40
37 38
37 39
37 53
37 54
37 55
38 39
38 40
39 40
39 42
40 46
40 53
42 48
42 49
43 49
43 50
44 47
44 49
44 53
47 55
47 59
47 60
48 49
48 50
49 50
49 56
50 51
50 52
53 54
53 55
