0 1
0 15
0 18
0 20
0 25
0 41
0 43
1 2
1 3
1 4
1 19
1 29
1 31
1 32
1 38
2 9
2 15
2 21
2 44
2 45
3 9
3 16
3 17
3 21
3 22
3 23
3 24
3 34
4 15
4 31
4 41
4 42
5 6
5 8
5 13
5 14
5 15
5 21
5 22
5 23
5 24
5 33
5 34
6 7
6 8
6 9
6 10
6 11
6 12
6 23
7 10
7 21
7 38
8 9
8 10
8 12
8 16
8 18
8 21
8 23
8 26
9 16
9 17
9 26
9 28
10 16
10 18
10 23
10 26
10 38
12 13
13 16
13 21
13 33
15 16
15 17
15 18
15 19
15 20
15 23
15 42
16 23
16 26
17 22
17 33
17 34
17 36
17 42
18 35
19 25
19 30
19 41
19 42
20 27
20 42
20 46
21 36
22 23
22 24
22 33
22 34
23 24
23 26
23 33
23 34
23 36
24 31
24 34
24 38
26 34
30 31
31 40
31 41
33 36
33 39
34 36
35 36
36 37
38 41
38 42
