0 1
0 3
0 14
0 16
0 32
0 37
0 41
2 3
2 18
2 26
2 28
2 29
2 31
2 37
4 5
4 20
4 25
4 34
4 36
4 37
4 39
6 7
6 9
6 11
6 32
6 34
6 38
7 17
7 22
7 38
7 42
7 45
8 9
8 20
8 22
8 34
8 35
8 36
8 37
8 39
8 42
8 50
9 10
9 26
9 34
9 35
9 39
10 12
10 14
10 22
10 27
10 37
10 47
11 21
11 22
11 25
11 27
11 37
12 13
12 14
12 18
12 19
12 21
12 27
12 37
12 47
13 18
13 20
13 21
13 26
13 39
14 15
14 16
14 17
14 18
14 19
14 20
14 21
14 51
16 26
16 40
16 43
16 51
17 24
17 41
18 23
18 25
18 26
18 27
19 23
19 24
19 27
20 33
20 36
20 39
21 23
21 26
21 27
21 35
21 46
22 23
22 26
22 34
22 35
22 37
22 40
23 26
23 27
24 29
24 51
25 27
25 31
25 33
25 37
25 38
25 47
26 27
26 31
26 33
26 34
27 31
27 37
27 38
27 39
27 47
29 30
29 34
29 36
29 48
29 52
31 47
32 33
32 35
32 39
33 34
33 35
33 41
34 35
34 39
34 42
35 38
35 39
35 40
36 37
36 39
36 41
36 42
37 39
37 42
38 45
39 40
39 42
40 42
40 51
41 42
41 44
41 47
41 49
41 50
43 44
44 51
