0 1
0 2
0 5
0 6
0 12
0 16
0 18
0 19
0 26
0 31
0 33
0 34
0 38
0 40
0 45
1 2
1 19
1 24
1 26
2 16
2 18
2 19
2 28
2 31
3 4
3 5
3 12
3 13
3 17
3 21
3 29
4 5
4 6
4 7
4 17
4 21
4 27
5 6
5 8
5 21
5 23
5 28
5 46
6 10
6 11
6 17
6 21
6 23
6 24
6 25
6 26
6 27
6 30
7 10
7 11
7 14
7 17
8 9
8 10
8 12
8 29
9 10
9 11
10 14
10 19
11 18
11 22
11 25
11 39
12 28
12 38
12 45
13 16
13 17
13 21
13 25
13 28
13 30
14 15
15 28
15 33
15 36
15 40
15 42
15 43
16 17
16 19
16 28
16 40
17 18
17 19
18 19
18 22
18 24
18 26
18 34
18 38
19 21
19 24
19 25
19 26
19 31
19 33
19 36
19 40
19 45
20 21
20 26
20 32
20 35
20 37
21 28
21 31
22 49
22 50
22 51
22 52
22 53
23 25
23 27
23 30
23 41
24 31
24 34
24 38
24 46
26 32
26 35
26 36
27 35
27 44
27 48
28 31
31 38
31 40
31 45
32 33
32 34
32 35
32 47
33 45
33 46
34 38
36 42
36 43
45 46
