0 1
0 2
0 3
0 4
0 36
0 39
5 6
5 9
5 10
5 20
5 26
5 27
5 28
7 8
7 12
7 21
7 23
7 25
7 43
11 12
11 13
11 16
11 20
11 23
12 13
12 14
12 15
12 16
12 17
12 20
12 22
13 23
13 26
13 27
13 42
14 16
14 21
14 22
14 25
15 19
15 24
15 35
16 21
16 22
16 23
16 26
16 30
17 18
17 19
17 20
17 26
17 33
17 35
19 29
19 32
19 33
19 36
19 40
20 25
20 34
20 37
21 22
21 23
21 24
21 25
21 26
21 27
22 23
22 25
22 41
22 42
23 24
23 25
23 26
23 29
24 26
24 29
24 33
25 26
25 42
26 33
27 29
27 41
29 30
29 32
29 33
29 35
29 39
30 31
30 32
30 33
30 39
31 32
32 33
32 35
32 36
32 38
33 35
33 36
35 36
