0 1
0 27
0 33
0 36
0 46
0 47
0 48
0 57
2 3
2 33
2 36
2 46
2 57
4 5
4 8
4 10
4 32
4 35
4 57
4 67
6 7
6 8
6 15
6 26
6 40
8 9
8 25
8 31
8 65
10 11
10 12
10 13
10 14
10 18
10 66
10 79
16 17
16 18
16 20
16 29
16 35
16 39
16 79
18 19
18 30
18 38
18 79
21 22
21 42
21 44
21 46
21 54
21 61
21 71
21 80
21 82
22 23
22 24
23 33
23 40
23 44
23 66
23 73
23 74
24 31
24 33
24 40
24 82
27 28
27 40
27 46
27 49
27 77
27 83
31 32
31 40
31 48
31 51
31 54
31 55
31 60
31 71
31 75
33 34
33 36
33 41
33 42
33 44
33 45
36 37
36 42
36 44
36 45
36 66
41 42
41 45
41 54
41 56
41 84
42 43
42 44
42 45
42 61
43 44
43 48
43 49
43 54
43 62
44 45
45 58
45 66
45 87
46 48
46 57
46 78
46 79
47 48
47 59
47 60
47 68
47 71
47 76
48 57
48 63
48 83
49 50
49 62
49 63
49 78
49 79
50 51
50 53
50 54
50 64
51 52
51 54
51 55
51 65
51 66
51 71
51 72
51 78
51 88
54 55
54 65
54 71
55 65
55 68
55 72
56 57
57 67
61 63
61 83
63 64
63 71
63 78
63 89
64 65
65 82
65 83
66 70
66 76
66 88
68 69
68 71
68 73
71 81
72 73
72 74
72 75
78 85
78 88
78 89
79 90
83 86
83 91
