0 1
0 2
0 3
0 4
0 31
0 83
0 91
4 5
4 79
4 80
4 83
4 105
4 115
6 7
6 12
6 13
6 23
6 71
6 78
6 105
8 9
8 16
8 42
8 76
8 80
8 86
8 94
10 11
10 22
10 25
10 26
10 29
10 81
10 100
14 15
14 17
14 20
14 21
14 50
14 78
14 94
18 19
18 24
18 34
18 65
18 92
18 114
27 28
27 30
27 75
27 89
27 90
27 107
27 108
27 109
31 32
31 33
31 36
31 39
31 48
31 97
34 35
34 36
34 43
34 52
34 53
34 69
34 78
37 38
37 39
37 40
37 41
37 44
37 78
42 43
42 50
42 51
42 79
42 83
42 90
42 105
42 107
42 108
42 109
45 46
45 47
45 49
45 63
45 64
45 107
50 51
50 54
50 61
50 69
50 89
50 92
50 98
50 99
50 104
50 106
55 56
55 73
55 76
55 84
55 86
55 91
55 94
56 57
57 60
57 66
57 67
57 68
57 69
57 74
58 59
58 61
58 95
58 97
58 99
58 100
61 62
62 69
62 81
62 84
62 91
62 100
62 101
62 105
69 70
69 72
69 82
69 92
69 97
69 98
74 75
74 88
74 93
74 97
74 105
75 81
75 92
75 115
76 77
76 82
76 87
78 98
78 100
78 101
79 80
79 84
79 99
79 108
79 115
80 81
80 82
80 83
80 92
81 82
81 92
81 95
81 102
81 106
82 84
82 91
82 92
83 105
83 108
83 112
83 113
84 85
84 115
89 90
89 94
89 95
89 99
89 111
90 91
90 94
90 106
91 95
91 101
91 104
92 98
92 103
93 94
94 96
94 98
94 106
95 116
97 98
97 110
98 99
100 102
104 105
105 109
106 107
106 109
107 108
107 109
108 109
