0 1
0 2
0 3
0 4
0 24
0 35
0 36
0 43
0 51
5 6
5 7
5 8
5 12
5 13
5 15
5 18
5 22
5 25
5 28
5 30
5 31
5 34
5 37
5 38
5 41
5 42
5 44
5 49
7 8
7 9
7 11
7 29
7 32
7 43
8 10
8 17
8 20
8 27
8 40
8 52
9 11
9 18
9 35
9 36
9 38
9 46
10 11
10 18
10 20
10 28
10 29
10 38
11 20
11 21
11 24
11 29
11 32
11 34
11 35
11 43
12 13
12 14
12 22
12 25
12 33
12 57
13 20
13 28
13 37
13 38
14 15
14 17
14 19
14 21
14 28
14 63
15 16
15 17
15 18
15 19
15 29
15 32
15 34
16 18
16 19
16 23
16 28
16 29
16 32
17 20
17 21
17 28
18 39
18 42
18 48
19 24
19 26
19 29
19 32
19 38
19 53
20 21
20 26
20 30
20 31
20 42
20 51
21 22
22 35
22 51
22 61
23 24
23 25
23 27
23 28
23 29
23 35
23 38
24 25
24 26
24 27
24 28
24 29
25 28
25 29
25 38
25 41
25 43
26 49
26 51
26 56
27 28
27 29
27 43
28 30
28 35
28 37
28 42
28 43
28 48
28 51
28 61
29 32
29 34
29 38
29 41
29 42
29 43
30 31
30 39
30 53
30 58
31 32
31 41
31 45
31 56
32 38
34 44
34 45
34 47
34 54
35 59
36 37
36 39
36 48
36 51
36 53
36 58
37 38
37 43
38 41
38 42
38 43
39 40
39 53
41 43
41 51
42 43
42 49
44 45
44 54
44 60
48 58
48 62
49 50
49 55
53 55
53 64
