0 1
0 2
0 4
0 5
0 6
0 21
0 26
0 27
0 31
0 33
2 3
2 12
2 13
2 15
2 16
2 31
2 32
2 33
2 35
2 39
2 40
7 8
7 11
7 16
7 28
7 29
7 30
9 10
9 18
9 34
9 36
9 39
12 13
12 19
12 20
12 25
13 14
13 26
13 30
13 36
14 15
14 22
14 26
14 28
14 32
14 33
14 35
14 38
14 39
14 47
15 16
15 17
15 18
15 19
15 23
15 27
15 32
16 18
16 19
16 21
16 24
16 25
16 26
17 18
17 19
17 26
17 33
18 19
18 23
18 33
18 36
19 20
19 21
20 22
20 30
20 31
20 32
20 39
21 32
21 35
21 47
22 23
22 25
22 46
22 50
23 28
23 33
23 34
23 39
24 31
24 32
24 35
24 53
24 54
24 55
25 41
25 44
26 33
26 44
26 52
27 28
27 29
27 32
27 33
27 41
28 29
28 31
28 33
28 36
28 37
28 44
29 38
29 40
29 41
29 52
31 41
31 52
32 35
32 38
32 39
32 40
32 47
33 34
33 35
33 44
33 45
34 39
34 41
34 42
35 38
38 39
38 44
39 40
39 51
40 52
41 42
41 43
41 44
41 45
44 45
44 48
44 49
