0 1
0 10
0 32
0 34
0 36
0 37
0 38
2 3
2 4
2 5
2 6
2 7
2 8
2 9
2 22
2 37
3 4
3 5
4 5
4 6
4 8
4 14
6 17
6 19
6 28
6 36
7 15
7 17
7 19
7 20
7 21
7 23
7 27
7 31
8 13
8 14
8 31
9 10
9 14
9 25
9 26
9 29
10 11
10 19
10 20
10 27
10 32
10 33
10 34
10 35
10 36
12 13
12 15
12 22
12 24
12 37
13 14
13 15
13 16
13 21
13 22
13 30
13 40
14 18
14 19
14 28
14 45
15 16
15 32
15 37
16 18
16 31
16 32
17 18
17 19
17 22
17 28
18 19
18 20
18 21
18 22
18 28
19 20
19 22
19 23
20 23
20 32
20 33
20 35
20 36
21 22
21 23
21 26
21 28
21 42
22 23
22 24
22 25
22 26
22 28
22 45
23 31
23 41
23 42
24 37
24 40
24 42
24 45
25 26
25 35
25 36
26 29
26 30
27 29
27 37
27 44
28 40
28 42
29 30
32 33
32 38
33 34
33 37
34 35
34 37
34 38
35 36
35 37
35 38
37 39
38 39
38 40
38 43
