0 1
0 2
0 3
0 4
0 5
0 32
6 7
6 11
6 13
6 14
6 35
7 8
7 9
7 11
7 13
7 31
7 32
8 11
8 13
8 14
8 15
8 20
8 22
8 23
8 24
8 26
8 30
9 10
9 14
9 15
9 30
9 31
9 35
10 11
10 12
10 14
10 25
10 30
10 32
11 12
11 13
11 14
12 19
12 21
12 22
12 35
12 36
12 39
13 15
13 31
13 35
14 15
14 22
14 24
14 25
15 21
15 23
15 24
15 25
15 26
15 32
15 33
16 17
16 18
16 22
16 27
16 36
18 19
19 33
19 35
19 38
20 35
21 22
21 23
21 26
21 35
22 23
22 24
22 25
22 26
22 35
22 37
23 24
23 28
23 30
24 26
25 31
26 28
26 29
26 30
30 31
31 32
31 35
32 33
32 35
33 34
33 35
33 36
33 37
35 36
