0 1
0 5
0 10
0 12
0 13
0 16
0 32
0 44
2 3
2 4
2 12
2 21
2 25
2 45
2 47
3 4
3 52
3 57
3 68
3 69
4 21
4 47
4 77
5 6
5 19
5 25
5 26
5 31
5 34
6 7
7 16
7 26
7 42
7 50
8 9
8 10
8 15
8 22
8 28
8 34
9 10
9 55
9 57
9 58
9 62
10 58
10 82
10 86
11 12
11 21
11 22
11 27
11 33
11 40
11 49
12 13
12 14
12 15
12 16
12 45
13 26
13 27
13 40
13 44
13 49
14 15
14 17
14 19
14 20
14 32
15 16
15 51
15 65
16 30
16 34
16 43
16 45
16 74
18 19
18 28
18 73
18 84
18 89
19 21
19 33
19 68
19 76
19 79
21 24
21 47
21 66
21 90
21 91
22 26
22 30
22 36
22 39
22 44
23 24
23 27
23 37
23 40
23 45
23 76
23 92
24 25
24 76
24 77
24 87
24 90
25 54
26 30
26 44
26 74
26 81
27 33
27 40
27 41
27 49
28 29
28 63
28 64
28 67
30 31
30 35
30 44
30 45
30 46
32 56
32 60
32 61
32 88
33 34
34 39
34 56
34 60
34 71
37 38
37 47
37 52
37 53
37 92
38 45
38 75
38 77
39 59
39 76
39 81
39 84
40 52
40 57
40 70
40 78
43 47
43 67
43 72
43 87
44 45
44 59
44 70
45 48
45 85
47 49
47 76
47 77
47 87
47 90
49 57
49 68
49 80
49 83
