0 1
0 7
0 9
0 12
0 13
0 19
0 24
0 25
2 3
2 7
2 8
2 13
2 16
2 18
2 21
2 43
4 5
4 6
4 9
4 15
4 17
7 9
7 11
7 13
7 54
8 9
8 16
8 19
8 25
8 37
8 44
8 45
9 10
9 11
9 19
9 20
9 27
9 37
9 50
10 14
10 15
10 17
10 34
10 60
11 18
11 19
11 23
11 25
11 26
11 28
11 36
11 37
11 47
12 13
12 17
12 26
12 40
13 16
13 24
13 26
13 56
14 15
14 17
14 19
14 21
14 32
14 33
14 38
14 44
14 45
15 16
15 17
15 33
15 36
15 60
16 18
16 19
16 28
16 51
17 32
17 33
17 34
17 49
18 21
18 46
18 48
19 20
19 41
19 45
19 50
21 30
21 37
21 47
21 56
22 23
22 24
22 26
22 29
22 41
22 48
23 24
23 28
23 31
23 41
23 48
24 25
24 26
24 27
24 28
24 37
24 41
24 48
25 28
25 29
26 41
26 48
27 28
27 32
27 33
27 60
28 31
28 33
28 38
28 39
28 59
29 35
29 41
29 43
29 48
31 36
32 33
32 34
32 42
34 37
34 49
34 60
36 37
36 38
36 46
36 48
36 51
37 46
37 51
38 39
38 40
38 41
43 45
43 49
43 55
43 57
44 45
44 52
44 53
45 58
46 47
