0 1
0 3
0 4
0 17
0 18
0 20
0 27
0 38
0 44
2 3
2 4
2 5
2 10
2 41
3 4
3 33
3 35
3 41
4 9
4 20
4 26
4 37
4 41
4 47
5 9
5 11
5 14
5 43
5 48
6 7
6 29
6 30
6 31
6 32
6 33
6 34
6 35
7 8
7 9
7 10
7 11
7 22
7 23
7 26
7 32
7 34
8 11
8 12
8 16
8 18
8 23
8 32
8 34
9 19
9 20
9 26
9 27
9 38
10 11
10 14
10 19
10 21
10 26
11 14
11 15
11 19
11 21
11 27
11 28
11 40
12 13
12 17
12 36
12 37
13 14
13 15
13 16
14 16
14 19
14 21
14 22
14 26
14 27
15 16
15 19
15 28
16 23
16 24
16 39
17 18
17 19
17 20
18 20
18 31
18 37
18 41
19 39
19 46
20 37
20 38
20 46
21 22
21 29
21 46
22 23
22 25
22 39
22 40
22 45
23 25
23 29
23 32
23 33
23 34
23 35
24 25
25 40
25 45
25 49
26 38
27 34
27 51
29 30
29 34
29 39
29 47
29 49
30 32
30 34
30 36
30 39
30 47
30 49
31 35
31 42
31 43
31 49
32 39
32 50
33 34
33 35
33 40
34 35
34 40
35 41
35 43
35 49
39 43
39 49
41 43
41 47
