0 1
0 4
0 5
0 17
0 22
0 24
0 33
2 3
2 6
2 11
2 28
2 31
2 56
3 4
3 6
4 11
4 17
4 20
5 6
5 8
5 23
5 27
5 28
5 49
6 7
6 8
6 9
6 10
6 26
6 32
7 9
7 15
7 25
7 26
7 27
7 44
8 11
8 12
8 14
8 23
8 27
8 28
8 29
8 56
9 10
9 12
9 13
9 19
9 21
9 25
9 26
10 21
10 32
10 36
10 38
11 12
11 19
11 20
12 13
12 14
12 15
12 16
12 17
12 48
13 16
13 25
14 16
14 22
14 24
14 25
15 16
15 28
15 47
15 56
16 21
16 30
16 31
17 18
17 19
18 45
18 52
18 53
18 58
19 23
19 34
19 36
21 31
21 34
21 51
21 55
22 23
22 24
22 59
23 24
23 41
23 42
23 43
24 55
25 39
25 55
26 29
26 39
26 43
26 46
26 50
27 28
27 29
27 52
27 54
27 57
28 29
28 40
29 40
31 32
32 33
32 35
32 36
32 37
