0 1
0 2
0 3
0 4
0 7
0 9
0 51
5 6
5 30
5 32
5 37
5 46
7 8
8 11
8 22
8 56
8 73
9 10
9 31
9 40
9 42
9 65
9 67
11 12
11 21
11 24
11 25
11 50
11 53
11 67
12 13
13 25
13 26
13 43
13 44
14 15
14 16
14 35
14 47
14 54
14 61
14 63
14 67
14 78
15 16
15 17
15 18
16 35
16 47
16 55
16 61
16 63
17 32
17 35
17 61
17 67
17 72
18 47
18 61
18 67
18 78
19 20
19 24
19 44
19 51
19 57
21 22
21 23
21 25
21 29
24 25
24 42
24 51
24 64
27 28
27 33
27 56
27 65
27 68
27 70
27 75
31 32
31 33
32 34
32 36
32 38
32 39
33 43
33 48
33 49
33 58
35 36
35 42
35 47
35 52
35 54
35 56
35 63
36 37
37 40
37 42
37 61
37 70
40 41
40 42
40 44
40 46
40 65
40 71
41 42
42 44
42 46
42 51
42 65
42 67
42 73
44 45
45 50
45 53
45 55
45 64
46 47
46 56
46 67
46 73
50 51
51 64
51 67
51 72
52 53
52 58
52 60
52 62
52 65
52 66
54 55
54 60
54 61
54 63
54 70
54 79
55 56
56 61
56 63
58 59
58 66
58 68
60 61
63 65
65 66
65 70
67 69
70 71
73 74
73 76
73 77
