0 1
0 16
0 18
0 19
0 20
0 22
0 24
0 26
0 27
0 28
2 3
2 38
2 52
2 65
2 69
4 5
4 11
4 22
4 24
4 25
6 7
6 8
6 9
6 10
6 46
12 13
12 38
12 39
12 41
12 44
14 15
14 17
14 20
14 26
14 27
16 17
16 18
16 20
16 22
16 24
16 25
16 28
17 18
17 19
17 20
17 21
17 33
17 34
18 25
18 26
18 27
18 28
19 20
19 21
19 26
20 25
20 26
20 27
20 28
20 35
20 36
20 37
21 22
21 26
21 27
22 23
22 24
22 27
22 29
23 24
24 27
25 28
26 29
28 32
29 30
29 35
29 44
29 58
30 31
31 65
35 38
35 39
35 43
35 69
35 78
36 37
36 38
36 49
36 50
36 56
36 61
36 64
36 69
37 40
37 42
37 44
37 50
37 52
37 57
38 39
38 40
38 41
38 42
38 46
38 47
38 48
38 51
38 55
38 56
38 57
38 69
38 78
39 40
39 41
39 42
39 43
39 44
40 41
40 45
41 44
41 48
41 62
41 65
41 77
42 45
42 54
42 61
43 48
43 53
43 61
44 46
44 54
44 75
44 78
46 47
46 48
46 74
47 48
47 51
47 52
48 49
48 50
48 51
48 52
48 53
49 51
49 53
49 54
50 51
50 54
50 78
51 55
51 56
51 60
52 53
52 54
53 54
53 73
53 79
54 59
54 62
54 67
54 69
55 56
55 57
55 60
56 57
56 60
56 61
56 66
57 59
57 61
57 64
61 63
61 73
62 63
62 75
62 76
65 68
65 70
65 77
71 72
71 75
