0 1
0 2
0 23
0 26
0 31
0 36
2 3
2 4
2 6
2 7
2 9
2 14
2 16
2 24
3 4
3 5
3 6
3 17
3 32
4 6
4 15
4 32
5 7
5 9
5 10
5 11
5 12
5 13
5 16
5 17
5 19
5 20
6 7
6 11
6 23
6 25
6 28
7 11
7 14
7 17
8 9
8 10
8 11
8 12
8 18
8 20
8 22
8 25
8 26
9 10
9 11
9 12
9 13
9 20
9 22
10 20
10 27
10 29
11 12
11 17
11 28
12 17
12 19
13 20
13 31
13 36
14 15
14 16
14 23
14 26
14 37
15 17
15 18
15 28
15 38
16 18
16 21
17 18
17 23
17 30
17 33
18 19
18 23
18 28
19 20
19 22
19 23
19 28
20 27
26 28
26 33
26 34
26 35
26 39
28 38
