0 1
0 2
0 11
0 14
0 17
0 31
0 35
0 36
3 4
3 7
3 12
3 13
3 14
3 16
3 21
3 36
3 44
5 6
5 11
5 19
5 26
5 38
6 7
6 8
6 19
6 20
6 26
7 8
7 13
7 15
7 28
7 29
7 38
7 45
8 29
8 35
8 37
8 50
9 10
9 21
9 29
9 30
9 31
9 37
9 42
9 44
9 47
10 11
11 18
11 21
11 23
11 24
11 25
11 26
11 27
11 28
11 44
11 47
12 13
12 16
12 26
12 58
13 14
13 15
13 16
13 21
13 29
14 16
14 21
14 36
15 26
15 29
15 36
16 21
16 36
16 38
17 18
18 20
18 25
18 26
18 33
18 39
19 20
19 21
20 23
20 25
20 30
20 33
20 35
20 39
20 51
21 25
21 36
21 38
21 44
22 23
22 24
22 27
22 28
22 34
22 39
22 42
23 37
23 38
23 40
23 45
24 26
24 32
24 33
24 35
24 37
24 39
24 45
25 26
25 28
25 38
26 27
26 32
26 33
26 34
27 38
27 39
28 39
28 40
28 42
29 30
29 31
29 37
30 31
30 40
30 49
31 37
31 44
31 50
32 37
32 38
32 45
33 39
34 38
34 46
34 48
35 37
35 40
35 48
36 37
36 42
36 44
36 47
36 52
37 50
38 39
38 59
38 60
39 40
39 42
39 51
40 41
40 42
40 43
40 44
40 48
42 43
42 48
42 56
43 44
44 53
45 55
45 57
48 51
48 54
