0 1
0 2
0 5
0 6
0 15
0 26
0 32
1 2
1 12
1 15
1 22
1 36
1 47
2 12
2 26
2 29
2 36
2 37
2 43
2 46
2 48
3 4
3 7
3 9
3 12
4 5
4 6
5 8
5 10
5 11
5 21
5 25
6 11
6 21
6 36
6 41
6 42
8 9
8 13
8 15
8 16
8 20
8 21
8 27
8 35
8 38
8 40
8 42
8 43
8 45
9 10
9 11
10 13
10 18
10 21
10 23
10 43
11 14
11 15
11 16
11 37
11 40
11 42
11 43
12 13
12 18
12 19
12 25
12 26
13 14
13 15
13 25
13 41
14 23
14 25
14 42
14 43
15 16
15 21
15 26
16 17
16 30
16 40
18 19
18 20
18 23
18 38
18 45
19 20
19 21
19 27
19 31
20 21
20 27
20 28
20 30
23 24
23 26
23 36
23 37
23 43
25 28
25 36
25 39
25 41
26 32
26 37
27 28
27 44
27 45
28 29
28 41
28 44
28 45
30 31
30 32
30 38
30 44
30 45
31 32
32 45
33 34
33 35
33 40
36 37
36 41
37 41
40 42
40 44
40 45
41 42
41 43
41 47
42 43
