0 1
0 2
0 3
0 4
0 30
0 32
0 44
3 19
3 25
3 40
3 51
4 7
4 19
4 25
4 40
4 51
5 6
5 15
5 18
5 27
5 28
5 36
7 8
7 10
7 14
7 23
8 9
8 10
8 11
8 12
8 13
8 20
8 23
8 24
8 37
9 11
9 12
9 13
9 17
9 21
9 33
10 12
10 13
10 15
10 16
10 27
10 35
10 40
11 42
11 45
11 49
12 17
12 23
12 27
12 36
13 14
13 16
13 17
13 18
13 33
14 16
14 25
14 29
14 30
14 34
14 43
15 25
15 38
15 48
15 50
16 17
16 18
16 19
16 21
16 30
16 33
16 34
17 18
17 23
18 19
18 37
18 41
19 21
19 29
19 31
19 33
19 39
21 27
21 33
22 23
22 30
22 46
25 26
25 27
25 33
30 43
30 47
