0 1
0 2
0 6
0 20
0 34
0 40
0 42
0 43
0 49
2 3
3 7
3 8
3 14
3 30
4 5
4 32
4 33
4 64
6 7
7 25
7 27
7 31
7 60
9 10
9 13
9 62
9 63
10 11
10 12
11 12
11 14
11 16
11 18
11 25
11 50
12 18
12 26
12 50
12 66
13 14
13 23
13 24
13 52
14 15
14 16
15 17
15 18
15 20
15 26
16 17
16 18
16 19
16 20
16 43
17 18
18 20
18 26
18 64
20 21
20 22
20 33
25 26
25 27
25 28
25 29
26 27
26 64
34 35
34 37
34 42
34 43
34 49
36 37
36 43
36 44
36 50
36 56
36 58
37 38
37 39
37 45
37 53
37 54
37 58
38 42
38 52
38 54
38 59
38 60
40 41
40 49
40 52
40 61
41 42
41 43
42 43
42 47
42 48
42 51
43 45
43 46
49 50
49 54
49 60
50 51
50 52
51 52
52 55
52 67
56 57
56 59
56 60
56 65
