0 1
0 7
0 10
0 18
0 20
0 30
1 2
2 4
2 7
2 12
2 15
2 18
2 20
2 22
2 32
2 34
2 41
3 4
3 7
3 8
3 14
3 22
3 23
3 25
3 28
3 29
3 33
3 34
3 35
3 39
4 5
4 6
4 7
4 27
4 31
4 34
4 39
5 6
5 7
5 8
5 10
5 13
5 15
5 16
5 18
5 19
5 20
5 21
5 22
6 7
6 12
6 16
6 21
6 38
7 12
7 18
7 19
7 23
7 24
7 34
8 9
8 14
8 15
8 30
8 33
9 19
9 20
9 30
9 33
10 11
10 18
10 25
10 27
10 28
12 13
12 21
12 27
12 35
13 14
13 24
13 25
13 34
14 15
14 25
14 27
14 28
14 29
14 30
14 34
14 35
15 16
15 17
15 21
16 21
16 25
17 18
17 25
17 26
17 27
18 22
18 27
18 34
19 20
19 28
19 33
19 34
20 26
20 27
20 30
20 33
21 23
21 24
21 28
22 24
22 35
23 34
23 41
24 27
24 38
25 27
25 35
27 34
27 40
28 35
28 36
29 30
29 33
29 35
30 33
30 37
30 39
33 35
33 39
34 35
