0 1
0 4
0 10
0 19
0 56
0 58
2 3
2 15
2 19
2 26
2 56
2 61
5 6
5 8
5 9
5 29
5 53
5 54
6 7
7 9
7 15
7 17
7 20
7 25
7 51
10 11
10 13
10 14
10 27
10 28
10 33
10 34
10 35
10 41
10 44
10 50
10 52
10 53
10 61
11 12
11 13
11 14
12 14
12 33
12 35
12 41
12 50
13 19
13 22
13 39
13 46
13 50
13 52
13 61
14 22
14 61
15 16
16 31
16 38
16 51
17 18
17 19
18 19
18 26
18 32
18 55
18 58
19 22
19 24
19 26
19 36
19 51
19 52
20 21
20 30
20 51
20 52
20 54
20 57
22 23
22 38
22 40
22 44
22 51
22 52
22 57
22 61
24 25
24 40
24 48
24 53
25 26
26 28
26 32
26 42
26 52
26 56
27 28
28 38
28 56
33 34
33 37
33 45
34 35
35 38
35 43
35 50
35 61
38 39
38 40
39 53
39 60
40 46
40 53
40 59
41 42
41 50
41 51
41 58
41 61
43 44
43 49
43 53
43 58
46 47
46 55
46 56
46 57
50 57
51 52
53 54
53 55
54 55
54 61
55 60
55 61
56 57
57 62
