0 1
0 5
0 6
0 10
0 12
0 29
0 30
0 31
0 39
0 41
2 3
2 11
2 12
2 13
2 14
2 17
2 27
2 33
2 34
2 35
2 36
2 37
4 5
4 6
4 13
4 20
4 22
4 26
4 36
5 9
5 12
5 31
5 41
6 7
6 8
6 9
6 38
6 40
7 11
7 12
7 13
7 14
7 18
7 19
7 27
7 29
7 34
7 36
7 39
7 40
7 41
8 11
8 14
8 15
8 20
8 24
8 38
8 41
9 25
9 26
9 33
9 36
9 37
9 38
9 39
9 41
10 20
10 28
10 35
10 41
11 12
11 13
11 14
11 23
11 27
12 15
12 16
12 17
12 18
12 19
12 25
13 14
13 15
13 17
13 27
14 16
14 21
14 22
14 23
14 27
14 33
14 34
14 41
14 42
15 25
15 31
15 32
15 37
15 44
16 20
16 28
16 29
16 35
17 22
17 26
17 33
17 36
18 19
18 24
18 27
18 28
18 38
19 22
19 27
19 28
19 38
20 21
20 23
20 24
20 26
20 30
20 31
20 32
21 22
22 33
22 40
22 41
23 24
23 25
24 38
25 30
25 37
25 41
26 33
26 38
27 33
27 34
27 37
27 42
27 43
28 31
28 36
28 37
28 41
28 43
29 33
29 38
30 33
30 35
30 36
30 40
30 41
31 35
31 37
31 41
32 37
32 39
32 43
33 34
33 43
34 38
34 39
34 42
35 41
35 45
35 46
36 41
36 43
37 43
38 39
38 40
40 45
41 42
41 43
42 46
43 45
