0 1
0 2
0 5
0 9
0 23
0 27
0 51
3 4
3 6
3 16
3 23
3 40
3 48
3 51
3 59
3 60
3 63
3 64
3 69
7 8
7 12
7 17
7 18
7 51
9 10
9 12
9 13
9 17
11 12
11 13
11 15
11 18
11 26
11 27
11 40
11 58
11 61
11 63
11 68
14 15
14 19
14 25
14 29
14 43
14 44
14 45
14 55
15 16
16 21
16 24
16 32
16 38
16 44
16 46
16 48
16 75
19 20
19 24
19 33
19 41
21 22
21 33
21 43
21 52
21 53
24 25
24 30
24 35
24 45
24 46
24 53
27 28
27 34
27 43
27 44
30 31
30 33
30 35
30 36
30 43
30 52
30 55
30 56
31 32
31 33
32 34
32 36
32 37
32 38
32 39
32 43
33 56
33 57
35 36
35 53
35 55
35 56
36 37
36 44
36 52
36 55
37 38
37 43
37 44
37 55
38 43
38 51
38 55
40 41
40 42
40 43
40 44
44 45
45 46
45 64
45 68
46 47
46 48
46 66
46 74
48 49
48 50
48 53
51 75
52 53
53 54
53 56
55 56
57 62
57 67
57 68
57 71
57 72
57 73
58 59
58 60
58 63
58 64
58 67
58 70
59 60
59 61
59 62
59 65
60 61
60 65
60 67
60 69
61 62
61 63
61 67
61 71
61 73
62 64
63 67
63 68
63 69
64 65
64 69
67 68
67 69
67 73
68 71
68 73
69 70
71 72
