0 1
0 10
0 19
0 23
0 24
0 27
0 34
0 38
1 3
1 6
1 11
1 12
1 37
2 3
2 10
2 15
2 16
2 19
2 33
2 48
3 4
3 5
3 6
3 7
3 11
3 12
3 38
3 45
4 5
4 6
4 11
4 12
4 35
5 11
5 24
5 31
5 34
6 12
6 14
6 16
6 28
6 33
7 12
7 16
7 21
7 26
7 35
7 37
8 9
8 14
8 19
8 23
8 29
8 37
8 39
9 10
10 21
10 23
10 35
10 36
11 12
11 13
11 25
11 31
11 36
12 13
12 14
12 15
12 16
12 41
13 17
13 21
13 26
13 27
13 31
14 15
14 16
14 18
14 20
15 16
15 18
15 22
15 25
15 38
16 17
17 18
17 20
17 24
17 25
17 26
17 28
17 40
18 19
18 20
18 22
18 36
19 20
19 21
19 22
19 30
19 33
20 21
20 38
20 41
21 22
21 23
21 29
21 30
21 34
22 30
22 32
23 30
23 36
24 26
24 28
24 31
24 32
24 48
25 37
25 40
25 43
26 30
26 31
26 48
27 28
27 30
27 31
27 33
27 34
30 31
31 34
32 36
32 42
32 45
32 46
33 35
33 36
33 46
35 36
36 44
37 38
37 47
