0 1
0 18
0 24
0 28
0 35
0 36
2 3
2 4
2 5
2 6
2 16
2 19
4 12
4 14
4 17
4 19
5 10
5 11
5 14
5 18
5 24
5 28
5 35
5 36
5 37
5 38
5 39
5 40
7 8
7 12
7 14
7 17
7 29
8 9
8 10
8 11
8 12
8 13
8 14
8 15
8 16
8 20
8 38
8 39
9 21
9 26
9 30
9 31
9 36
9 37
9 38
10 11
10 17
10 25
10 35
10 36
10 37
10 38
10 39
10 40
11 15
11 29
11 36
11 37
11 38
11 39
11 40
12 13
12 15
12 18
12 19
12 27
12 29
13 17
13 19
13 33
13 38
14 17
14 26
14 28
15 18
15 19
15 20
15 21
15 24
15 25
15 28
16 17
16 26
16 30
16 38
17 18
17 19
17 21
17 22
17 24
17 33
18 19
18 34
18 36
18 40
19 26
21 22
21 23
22 24
22 26
22 29
23 25
23 26
23 30
23 38
23 39
24 25
24 26
24 28
24 29
24 36
24 39
25 30
26 28
26 29
29 31
29 32
35 38
35 40
36 38
37 38
38 39
38 40
39 40
40 41
