0 1
0 10
0 12
0 13
0 15
0 21
0 24
0 26
0 29
0 36
0 38
0 46
1 2
1 3
1 4
1 5
1 6
1 7
1 39
1 42
1 59
2 6
2 13
2 28
2 44
2 55
2 67
3 4
3 7
3 8
3 15
3 29
3 31
3 32
4 6
4 10
4 18
4 31
4 32
4 33
4 35
4 45
4 49
5 18
5 25
5 43
5 44
5 48
5 49
6 30
6 39
6 44
6 54
6 59
7 9
7 13
7 25
7 49
8 9
8 10
8 22
9 10
9 11
9 12
9 13
9 14
9 15
9 35
9 37
9 38
9 62
10 11
10 15
10 18
10 21
10 29
10 35
10 38
10 43
10 44
10 48
10 49
11 23
11 37
11 47
12 16
12 24
12 36
12 37
12 38
12 50
12 51
12 63
13 23
13 26
13 29
13 36
13 42
14 16
14 20
14 21
14 35
14 38
15 35
15 45
15 48
16 17
16 21
16 27
16 28
16 34
16 50
17 30
17 65
17 66
17 68
18 19
18 27
18 52
18 60
21 22
21 29
21 40
21 42
22 23
22 24
22 25
22 26
22 27
22 28
22 33
22 57
23 25
23 26
23 37
23 41
23 48
23 54
24 34
24 35
24 38
24 45
24 50
25 41
25 43
25 44
25 48
25 49
26 47
27 29
27 45
28 30
28 49
28 50
28 57
29 30
29 31
29 32
29 33
29 49
29 63
30 33
30 45
30 49
30 55
31 54
31 58
32 51
32 54
32 58
33 35
33 44
33 45
34 35
34 36
35 36
35 53
36 38
37 38
43 44
44 49
45 57
48 61
50 51
50 57
51 57
51 64
55 56
55 57
55 62
