0 1
0 24
0 30
0 32
0 46
2 3
2 6
2 8
2 15
2 16
2 20
2 21
2 22
2 25
2 28
2 30
2 34
3 17
3 26
3 28
3 34
3 44
4 5
4 7
4 23
4 24
4 35
4 41
5 6
5 7
5 8
5 9
5 37
5 38
5 41
6 20
6 21
6 22
6 36
6 44
6 48
7 12
7 22
7 24
7 34
7 37
7 40
8 9
8 15
8 17
8 20
8 21
8 28
8 35
9 10
9 17
9 21
9 33
10 11
10 12
10 13
10 15
10 16
10 20
10 21
10 46
11 12
11 26
11 33
11 34
11 35
12 14
12 19
12 39
12 45
12 47
13 15
13 21
13 26
13 27
13 29
13 33
13 35
14 15
14 34
14 42
14 47
15 35
15 46
16 17
16 18
16 30
16 36
16 49
17 18
17 19
17 20
17 21
17 23
17 37
17 45
18 20
18 21
18 22
18 25
18 30
18 31
19 26
19 27
19 34
20 21
20 23
21 22
21 24
21 37
22 23
22 25
22 33
22 35
23 24
23 25
23 33
23 37
25 35
25 44
25 47
26 27
26 28
26 29
26 35
27 28
27 29
28 35
29 35
29 43
30 31
30 49
34 37
34 40
34 47
35 36
35 47
35 50
35 51
36 38
36 40
