0 1
0 5
0 26
0 27
0 28
0 34
0 35
1 2
1 3
1 4
1 5
1 6
1 7
1 8
1 17
1 53
2 8
2 9
2 10
2 11
2 12
2 13
2 14
2 15
2 16
2 18
3 14
3 19
3 26
3 28
3 30
3 41
4 9
4 15
4 18
4 21
4 22
5 6
5 11
5 21
5 26
5 30
6 11
6 26
6 42
9 14
9 31
9 34
9 37
9 41
10 15
10 18
10 30
10 35
11 26
11 29
11 41
11 50
11 51
12 20
12 21
12 22
12 28
13 18
13 19
13 21
13 25
13 28
13 34
14 29
14 30
14 34
14 35
14 46
15 18
15 19
15 20
15 30
15 37
18 19
18 28
18 30
18 35
18 52
19 20
19 30
19 33
19 34
19 35
19 46
20 21
20 27
20 28
20 29
20 32
20 33
20 34
20 35
20 36
20 37
20 38
20 40
21 23
21 34
22 23
22 24
22 34
24 25
25 28
25 35
25 41
27 32
27 34
27 35
27 36
28 33
28 35
28 52
29 30
29 33
29 41
30 33
30 34
33 47
34 35
34 36
34 37
34 38
34 39
35 43
36 38
36 39
36 40
36 44
37 40
37 45
38 39
38 40
38 44
39 47
39 48
40 49
41 42
42 44
42 47
42 50
