0 1
0 63
0 70
0 71
0 72
2 3
2 4
2 7
2 12
2 30
2 85
3 4
3 7
3 12
5 6
5 29
5 37
5 38
5 40
5 52
5 54
5 55
8 9
8 15
8 30
8 41
8 77
8 96
8 97
10 11
10 16
10 17
10 18
10 25
10 46
10 49
10 61
13 14
13 23
13 24
13 26
13 62
13 97
19 20
19 29
19 32
19 51
19 59
21 22
21 26
21 33
21 35
21 38
21 40
21 41
21 42
26 27
26 28
26 76
26 79
26 89
30 31
30 43
30 44
30 73
33 34
33 57
33 62
33 85
33 98
35 36
35 38
35 41
35 65
37 38
37 46
37 48
37 60
38 39
38 40
38 41
38 49
38 51
39 41
39 44
39 94
39 95
40 41
40 59
40 61
40 65
41 42
41 43
41 44
41 45
41 46
41 47
41 48
41 49
41 50
41 51
41 52
41 53
41 54
41 88
41 92
42 48
42 56
42 61
43 48
43 69
43 71
44 60
44 76
44 77
44 82
44 83
45 73
45 77
45 79
45 83
45 97
46 58
46 82
47 88
47 92
48 50
48 53
48 64
48 81
49 54
49 65
49 100
50 59
50 64
50 77
51 72
51 74
51 75
51 86
52 53
52 65
52 72
52 79
53 59
53 64
53 77
54 59
54 61
55 56
55 67
55 72
55 99
61 62
61 66
61 71
61 90
61 99
62 73
62 86
65 68
65 77
65 80
65 81
70 72
72 73
73 78
73 84
73 86
73 91
73 93
76 78
76 82
76 87
76 98
77 78
77 84
77 86
78 79
78 82
78 83
78 84
79 81
79 83
79 96
81 97
85 86
85 91
85 93
