0 1
0 16
0 25
0 29
0 38
0 41
0 42
0 43
0 44
2 3
2 16
2 17
2 23
2 27
2 30
2 33
4 5
4 8
4 12
4 17
4 18
4 23
4 24
4 25
4 56
6 7
6 43
6 45
6 48
8 9
8 10
8 31
8 32
8 33
8 45
8 48
8 62
10 11
10 27
10 30
10 50
10 52
10 63
11 12
11 13
11 14
12 20
12 32
12 52
13 16
13 17
13 26
13 39
13 49
13 52
13 53
14 16
14 22
14 25
14 30
14 63
15 16
15 18
15 23
15 25
15 31
15 32
15 38
16 17
16 18
16 19
16 28
17 35
17 36
17 39
17 48
18 19
18 20
18 23
18 31
18 35
18 52
18 55
19 20
19 21
19 22
19 23
19 24
19 27
19 29
19 45
19 48
20 21
20 32
20 34
20 54
20 63
22 23
23 24
23 26
23 43
24 26
24 29
24 32
24 37
25 28
25 37
25 43
25 45
25 53
25 62
26 27
26 28
26 29
26 32
26 33
26 58
27 28
27 32
27 53
28 30
28 31
28 33
28 35
28 52
28 64
29 47
29 48
31 32
31 33
31 34
31 52
31 55
32 34
32 52
33 48
34 43
34 57
35 36
35 46
36 52
36 61
38 45
38 55
38 60
39 40
39 49
39 51
39 64
43 47
43 55
43 58
43 62
45 47
45 48
47 51
47 57
48 50
48 58
48 59
52 58
52 63
