0 1
0 4
0 27
0 28
0 34
0 38
0 42
2 3
2 5
2 8
2 10
2 12
2 13
2 32
4 5
4 10
4 24
4 29
4 32
4 35
4 37
5 13
5 23
5 24
5 26
6 7
6 10
6 11
6 13
6 17
6 27
7 8
7 9
7 10
7 11
7 13
7 24
8 10
8 12
8 13
8 25
8 26
9 11
9 12
9 13
9 18
9 22
9 24
10 11
10 15
10 16
10 24
11 12
11 13
11 40
12 14
12 16
13 22
13 24
13 26
13 32
14 15
14 19
14 32
14 50
14 51
15 16
15 17
16 25
16 31
16 38
17 19
17 20
17 21
17 43
17 52
20 21
20 22
20 24
20 26
20 31
20 43
22 24
22 44
23 24
23 27
23 45
23 46
23 47
23 49
24 31
24 44
24 53
25 26
25 27
25 36
26 27
26 35
26 36
27 28
27 29
27 30
27 31
27 32
27 33
27 34
27 39
28 31
28 34
28 38
28 42
29 30
29 31
29 32
29 35
29 37
29 42
30 31
30 32
30 33
30 34
30 35
30 37
30 42
31 33
31 35
31 42
32 35
32 37
32 38
33 38
33 40
34 35
34 40
34 48
37 38
37 40
38 40
40 41
