0 1
0 12
0 21
0 29
0 31
1 2
1 3
1 4
1 5
1 6
1 8
1 21
1 22
1 23
1 24
2 4
2 5
2 11
2 17
2 20
2 31
2 32
3 4
3 13
3 16
3 34
4 6
4 7
4 9
4 39
5 7
5 13
5 34
6 9
6 11
6 14
6 25
6 29
6 34
6 40
7 10
7 16
7 25
7 29
7 36
7 38
8 9
8 14
8 15
8 16
8 26
8 32
8 39
9 11
9 20
9 22
9 28
10 11
10 12
10 13
10 16
10 36
11 12
11 13
11 14
11 15
11 16
11 25
12 13
12 16
12 25
13 14
13 15
13 25
13 38
14 18
14 31
14 32
14 41
14 42
15 21
15 33
16 29
16 32
16 39
18 19
18 20
18 26
18 31
18 34
18 36
20 21
20 26
20 32
20 34
20 36
21 26
21 27
21 29
21 36
21 40
22 53
22 54
22 55
22 56
22 57
24 25
25 32
26 32
26 36
27 43
27 44
27 45
27 46
27 47
29 30
29 35
29 36
31 37
32 39
40 48
40 49
40 50
40 51
40 52
