0 1
0 2
0 6
0 21
0 23
2 3
3 10
3 13
3 15
3 16
3 18
3 24
3 25
3 29
3 33
4 5
4 7
4 11
4 14
4 17
4 19
4 35
5 6
5 7
5 8
5 16
5 17
5 32
6 12
6 21
6 23
6 32
7 8
7 9
7 14
7 17
7 18
7 21
7 22
7 23
7 25
8 12
8 17
8 18
8 21
8 22
8 23
8 25
8 32
8 33
9 10
9 13
9 14
9 19
9 26
9 27
9 30
9 36
10 11
10 12
10 13
10 14
10 15
10 16
10 18
10 25
10 33
11 20
11 30
11 33
12 18
12 22
12 23
12 28
12 32
13 15
13 28
14 17
14 26
14 27
15 18
15 19
15 25
15 28
16 18
16 24
16 25
16 33
16 35
17 18
17 21
17 22
17 23
17 24
17 25
17 29
17 32
17 37
17 38
18 19
19 28
19 32
21 22
21 23
21 24
21 30
21 32
22 23
22 30
23 29
24 30
25 28
25 35
29 31
29 34
30 34
30 38
