0 1
0 3
0 12
0 22
0 23
0 25
1 2
2 6
2 15
2 21
2 25
2 26
2 27
2 29
2 34
2 41
2 48
4 5
4 12
4 13
4 14
4 25
4 26
4 29
4 32
4 33
6 7
6 14
6 21
6 25
6 30
6 34
6 47
7 8
7 9
7 35
7 39
7 40
7 41
8 12
8 21
8 23
8 24
8 35
9 10
9 27
9 34
9 35
9 42
9 45
11 12
11 14
11 21
11 31
11 38
11 40
11 42
12 13
12 22
12 25
12 31
13 25
13 26
13 31
13 32
13 35
14 15
14 22
14 25
14 27
14 28
14 29
14 30
14 36
15 23
15 34
16 17
16 19
16 20
16 27
16 44
16 46
17 18
17 19
17 27
17 28
17 41
17 43
18 19
18 20
18 38
18 41
18 46
19 20
19 30
19 34
19 46
19 47
20 21
20 27
20 29
20 38
20 40
20 44
20 46
21 27
23 24
23 25
23 26
23 29
23 34
23 35
23 36
23 37
25 26
25 27
25 28
25 49
26 27
26 32
26 37
27 29
27 35
27 40
29 30
29 34
30 37
31 32
32 37
34 38
34 40
35 39
36 44
36 45
36 47
38 45
38 46
44 46
44 47
