0 1
0 27
0 32
0 34
0 41
2 3
2 20
2 28
2 37
2 39
2 43
4 5
4 7
4 15
4 28
4 48
5 6
6 7
6 8
6 12
6 19
6 23
6 26
6 27
6 48
6 58
7 8
7 11
7 14
7 48
7 49
8 11
8 12
8 49
9 10
9 11
9 12
9 13
9 15
9 36
9 37
10 14
10 19
10 28
10 30
11 12
11 28
11 35
11 37
11 49
12 28
12 41
13 14
13 15
13 18
13 28
13 47
13 48
14 15
15 18
15 47
15 48
16 17
16 19
16 23
16 31
16 41
18 19
18 20
18 21
19 30
19 31
19 37
19 41
19 49
20 39
20 40
20 56
20 59
20 60
20 61
21 22
21 40
21 42
21 44
22 23
22 24
22 25
22 26
22 46
22 55
22 63
23 25
23 26
23 27
23 33
23 38
23 41
24 27
24 28
24 34
24 40
24 42
25 31
25 57
25 62
26 38
26 40
26 53
27 28
27 29
27 30
27 31
27 32
27 33
27 34
27 50
27 53
28 30
28 31
28 38
29 33
29 35
29 41
29 44
29 53
30 35
30 38
30 48
31 38
31 41
31 53
32 48
32 52
32 53
33 38
33 41
33 53
34 40
34 41
34 50
34 63
35 39
35 45
35 51
38 52
39 40
39 52
40 42
40 52
41 54
42 64
42 65
42 66
42 67
