0 1
0 2
0 5
0 7
0 19
0 22
0 26
2 3
2 4
2 5
2 6
2 7
2 8
2 9
2 10
2 11
2 17
2 20
3 4
3 5
4 6
4 9
4 14
4 20
4 22
4 25
4 29
5 7
5 19
5 28
6 7
6 9
6 22
6 25
6 28
7 8
7 9
7 19
7 24
7 25
7 26
8 9
8 21
8 23
8 27
9 12
9 13
9 14
9 22
9 28
10 16
10 17
10 26
11 19
11 24
11 25
11 28
12 13
12 19
12 20
12 22
12 31
13 18
13 20
13 26
13 29
14 15
14 22
14 29
14 30
16 17
16 18
16 20
16 22
16 23
16 24
17 18
17 19
17 20
18 20
18 22
18 29
19 26
19 28
20 23
20 24
20 26
20 29
22 23
22 29
22 30
23 24
23 25
23 26
24 25
28 31
