0 1
0 6
0 14
0 37
2 3
2 9
2 13
2 26
2 27
2 41
4 5
4 10
4 13
4 23
4 26
4 27
4 31
4 32
7 8
7 10
7 13
7 20
7 35
8 9
8 10
8 20
8 26
8 35
9 14
9 15
9 20
9 21
10 12
10 13
10 19
10 20
10 35
11 12
11 15
11 17
11 21
11 33
12 13
12 19
12 25
12 33
13 14
13 15
13 16
13 19
13 22
13 24
13 25
13 26
13 31
13 32
13 33
14 15
14 16
14 17
14 18
14 19
14 27
14 28
14 30
15 16
15 17
15 21
15 27
15 28
16 22
16 23
16 27
16 28
16 32
16 33
17 19
17 23
17 27
17 28
17 30
17 33
18 22
18 26
18 27
18 28
18 30
19 27
19 28
19 29
19 30
19 32
19 35
20 21
21 22
22 23
22 27
22 28
22 29
22 30
23 24
23 28
23 29
24 26
24 36
24 38
24 39
24 40
25 26
25 31
25 34
25 35
26 27
26 28
26 29
26 31
27 28
27 29
27 30
28 29
28 31
28 32
29 30
30 31
30 35
33 35
