0 1
0 2
0 22
0 31
0 35
0 36
3 4
3 5
3 7
3 10
3 13
3 14
3 18
3 20
3 21
3 22
4 5
4 6
5 7
5 10
5 14
5 15
5 20
6 8
6 12
6 18
6 20
7 8
7 9
7 12
7 13
7 15
7 18
7 19
7 20
8 9
9 10
9 11
9 13
9 18
10 15
10 19
10 20
10 24
11 12
11 13
11 14
11 18
12 13
12 14
12 15
12 17
13 14
13 15
13 16
13 17
13 18
15 16
15 18
15 19
15 20
16 17
16 18
17 18
17 20
18 19
18 20
19 23
20 21
20 23
21 22
21 25
21 27
21 28
21 35
21 38
22 25
22 26
22 27
22 28
22 30
22 31
22 34
22 35
22 38
25 26
25 27
25 38
25 39
26 27
26 30
26 31
26 33
26 35
26 36
26 40
27 29
27 30
27 32
28 29
28 30
28 37
28 38
29 30
29 31
30 32
30 33
30 34
30 35
30 36
31 32
31 35
31 36
31 38
32 33
32 34
32 35
32 39
33 35
34 36
34 37
35 36
37 38
