0 1
0 2
0 12
0 43
0 85
2 3
2 15
2 25
2 32
2 38
2 42
2 43
2 44
2 45
2 91
4 5
4 14
4 47
4 56
4 62
5 6
6 11
6 45
6 51
6 53
6 72
6 88
7 8
7 9
7 31
7 32
7 43
7 44
7 66
7 68
9 10
9 42
9 59
9 68
12 13
12 20
12 74
12 83
12 93
14 15
14 21
14 31
14 65
14 68
14 81
16 17
16 18
16 19
16 37
16 58
16 63
16 84
21 22
21 24
21 28
21 31
21 35
21 42
21 55
21 58
21 87
22 23
23 27
23 28
23 29
23 30
25 26
25 32
25 38
25 43
25 44
25 45
28 29
29 44
29 50
29 53
29 55
29 58
29 65
29 84
30 31
31 43
32 33
32 68
32 79
32 82
34 35
34 49
34 50
34 56
34 57
34 78
36 37
36 40
36 42
36 53
36 57
36 58
37 38
37 39
37 57
37 67
37 69
38 42
38 46
38 60
39 57
39 61
39 69
40 41
40 57
40 58
40 61
42 43
42 44
42 73
42 92
43 45
43 46
43 68
44 45
46 49
46 52
46 56
46 63
47 48
48 76
48 86
48 89
48 90
49 50
49 54
49 89
50 53
50 68
50 73
50 76
53 55
53 61
53 63
55 56
55 71
55 77
56 57
57 61
57 63
57 72
58 75
58 84
61 62
61 70
61 73
61 78
61 80
63 64
