0 1
0 4
0 7
0 8
0 12
0 16
2 3
2 5
2 11
2 13
2 17
2 18
2 22
3 4
3 5
4 8
4 9
4 10
4 11
4 12
4 13
4 15
4 18
4 22
4 23
5 10
5 12
5 17
5 27
6 7
6 22
6 24
6 27
6 36
7 8
7 28
7 30
7 33
8 12
8 15
8 18
8 20
8 24
8 27
8 31
9 10
9 13
9 15
9 16
9 17
9 23
9 24
10 18
10 22
10 23
11 14
11 17
11 21
11 27
12 15
12 19
12 25
12 27
13 16
13 17
13 20
13 24
13 25
13 28
13 31
14 15
15 19
15 26
15 27
16 20
16 25
16 27
16 31
16 34
16 35
17 22
17 23
17 24
17 28
18 19
18 22
18 23
18 25
18 27
20 21
20 22
20 28
22 23
22 24
22 25
23 24
23 25
23 27
23 35
24 31
24 32
24 35
24 37
27 28
28 29
31 33
