0 1
0 11
0 27
0 28
0 39
0 57
2 3
2 5
2 6
2 11
2 12
2 26
2 45
2 55
4 5
4 6
4 15
4 26
4 50
5 6
5 7
5 8
5 15
5 17
5 18
6 7
6 9
6 11
6 21
6 30
6 32
6 48
7 13
7 27
7 29
7 30
7 32
7 55
8 11
8 15
8 21
8 30
8 40
8 44
9 10
9 18
9 19
9 28
11 27
11 34
11 36
11 43
11 44
12 22
12 26
12 32
12 36
12 46
12 51
13 14
13 28
13 31
13 42
13 46
13 48
13 54
13 55
15 16
15 17
15 20
15 39
15 46
18 19
18 29
18 31
18 32
18 35
18 38
18 39
20 21
20 22
20 46
21 22
21 31
21 32
21 33
22 25
22 26
22 27
22 28
23 24
23 31
23 33
23 42
23 53
26 27
27 28
27 32
27 34
28 29
28 55
30 31
30 36
31 42
31 48
31 55
31 56
32 33
32 41
32 42
32 43
33 37
33 39
33 42
38 39
38 44
38 47
38 48
39 47
39 48
46 49
46 52
46 56
