0 1
0 2
0 3
0 6
0 9
3 4
3 5
3 6
3 9
3 16
5 6
5 7
5 9
5 16
6 7
6 9
6 12
6 13
6 15
7 8
8 17
8 18
8 19
8 25
8 31
8 39
9 10
9 11
9 13
9 23
9 27
10 11
10 12
10 13
10 23
10 25
10 27
10 29
11 13
11 19
11 22
11 23
11 25
11 26
12 13
12 14
12 17
12 27
13 14
13 17
13 18
13 19
13 22
13 23
13 25
13 26
13 27
13 30
14 15
14 27
14 34
17 20
17 25
17 28
17 29
18 19
18 20
18 25
18 26
19 27
19 28
20 21
20 22
20 23
20 24
20 28
22 25
22 26
22 27
22 30
22 36
23 25
23 29
26 27
26 29
27 29
28 30
28 33
28 36
28 37
28 44
30 32
30 34
30 35
30 37
30 38
30 39
30 45
31 32
31 35
31 36
31 37
31 41
32 33
32 35
32 37
32 38
32 39
33 34
33 36
33 37
33 38
33 39
34 35
34 36
34 37
34 38
35 36
35 37
35 38
35 42
35 43
36 37
36 39
37 38
37 42
39 40
39 44
