0 1
0 5
0 11
0 18
0 25
0 28
0 32
1 2
1 6
1 11
1 33
2 8
2 9
2 10
2 27
2 33
3 4
3 8
3 17
3 20
3 38
4 5
4 6
4 7
4 37
4 39
5 8
5 12
5 24
5 30
6 8
6 10
6 18
6 20
6 21
6 39
7 11
7 19
7 24
7 26
7 29
7 34
7 35
7 36
7 37
8 17
8 18
8 28
9 10
9 12
9 30
9 39
10 11
10 12
10 13
10 14
10 15
10 37
10 44
10 45
10 50
11 18
11 25
11 33
11 42
12 16
12 18
12 21
12 25
12 30
12 36
12 38
12 44
12 47
13 20
13 37
13 39
13 41
14 16
14 25
14 26
14 27
15 18
15 20
15 26
15 27
15 33
16 17
16 18
16 20
16 27
16 39
16 44
17 20
17 22
17 24
17 26
17 39
18 20
18 22
18 25
18 26
18 27
20 21
20 23
20 28
21 24
21 39
21 42
22 38
22 43
22 52
24 34
24 36
24 39
25 41
26 29
26 36
26 39
26 41
27 37
27 44
27 45
28 29
29 33
29 34
30 31
30 34
30 38
30 39
30 43
33 34
33 36
33 38
33 39
34 35
35 36
35 37
35 47
36 37
36 39
36 48
38 39
38 44
39 40
39 42
45 46
45 49
45 51
