0 1
0 12
0 21
0 26
0 30
0 37
2 3
2 12
2 44
2 45
2 48
2 58
4 5
4 6
4 20
4 30
4 41
6 7
6 18
6 20
6 23
6 26
6 28
6 37
6 54
7 8
7 9
7 12
7 39
8 25
8 35
8 39
8 51
8 52
9 10
10 12
10 19
10 47
10 54
11 12
11 17
11 39
11 44
11 50
12 13
12 14
12 15
12 16
12 20
12 54
12 56
13 18
13 23
13 44
13 61
14 18
14 19
14 22
14 30
14 58
15 25
15 43
15 45
16 21
16 32
16 33
16 56
18 31
18 60
18 61
20 21
20 22
20 35
20 38
20 39
21 22
21 23
21 24
21 32
21 56
22 26
22 30
22 35
22 37
22 59
23 30
23 34
23 38
24 26
24 30
24 35
24 59
26 27
26 35
26 36
26 39
26 42
26 47
28 29
28 37
28 41
28 50
28 55
29 30
30 39
30 48
31 39
31 43
31 44
31 54
35 36
35 37
35 41
35 45
37 39
39 40
39 53
44 45
44 46
44 50
48 49
48 56
48 57
