0 1
0 2
0 3
0 4
0 13
0 15
0 19
5 6
5 7
5 12
5 24
5 31
6 7
6 11
6 12
6 16
6 34
6 42
7 8
7 12
7 18
7 24
7 64
7 65
8 9
8 10
8 14
8 15
8 20
8 22
8 23
8 24
8 25
8 26
8 62
10 11
10 14
10 17
10 21
10 23
10 27
12 13
12 28
12 46
12 47
12 49
12 54
13 19
13 27
13 32
13 41
14 15
14 19
14 21
14 23
14 24
14 26
14 30
15 16
15 17
15 23
15 27
16 17
16 19
16 21
16 30
16 33
16 36
16 37
16 41
17 19
17 34
18 19
18 20
18 27
18 30
18 39
18 40
19 20
20 21
20 22
20 23
20 36
20 41
20 59
21 23
21 27
21 57
22 23
22 24
22 26
22 32
22 37
23 25
23 28
24 27
24 56
25 27
25 28
25 29
25 47
26 41
26 45
26 48
27 28
27 35
28 34
30 34
30 37
31 32
31 39
31 43
31 48
37 38
37 40
37 61
42 44
42 51
42 52
42 53
42 61
49 50
50 55
50 58
50 60
50 63
