0 1
0 9
0 13
0 15
0 20
0 40
0 42
2 3
2 4
2 7
2 13
2 18
2 19
2 22
2 24
2 28
2 29
3 4
4 5
4 6
4 8
4 9
4 10
4 11
4 12
4 13
4 14
4 18
5 6
5 11
5 24
5 25
5 41
6 11
6 23
6 24
6 25
6 41
7 8
7 16
7 18
7 25
7 34
8 18
8 23
8 24
8 25
8 41
9 10
9 13
9 19
9 21
9 31
9 37
10 13
10 18
10 20
10 22
11 23
11 24
11 25
11 29
11 41
12 15
12 20
12 29
12 32
12 34
13 20
13 22
14 15
15 18
15 24
15 32
15 39
16 17
16 18
16 27
16 39
18 19
18 20
18 26
18 30
18 39
19 38
19 39
20 23
20 24
22 23
22 27
22 28
22 31
22 39
23 24
23 25
23 41
24 25
24 41
25 41
28 30
28 31
28 36
28 43
29 33
29 34
29 35
31 32
31 39
