0 1
0 9
0 22
0 26
0 31
1 2
1 3
1 4
1 5
1 33
1 40
1 48
2 5
2 27
2 31
2 33
2 46
3 5
3 6
3 9
3 11
3 15
3 22
3 26
3 27
3 28
3 29
3 35
4 5
4 8
4 16
4 18
4 25
4 29
4 34
4 38
5 15
5 26
5 52
5 54
6 7
6 11
6 17
6 36
7 15
7 22
7 25
7 26
7 35
7 46
7 47
7 48
9 10
9 13
9 38
9 55
11 12
11 14
11 17
11 29
12 13
12 14
13 14
13 17
13 18
13 22
13 29
14 22
14 31
14 32
14 33
14 38
14 40
14 42
14 43
15 16
15 18
15 23
15 43
15 45
15 47
15 52
16 17
16 18
16 45
16 46
16 47
16 49
17 22
17 26
17 29
17 31
17 34
17 35
17 36
18 25
18 27
18 29
18 38
19 20
19 44
19 52
19 59
19 60
19 61
19 63
20 21
21 40
21 44
21 52
21 59
21 60
21 61
21 62
21 63
21 66
22 25
22 31
23 24
23 27
23 28
23 47
23 49
25 27
25 28
25 35
26 40
26 49
27 28
27 30
27 40
28 47
29 40
29 44
29 70
31 32
32 40
32 42
32 62
33 34
33 37
33 39
33 41
34 36
34 60
34 63
34 66
34 68
35 47
35 48
35 49
35 53
36 44
36 67
36 68
38 42
38 43
38 58
40 41
40 42
40 43
40 62
42 43
42 51
43 57
44 60
44 68
47 68
48 50
48 56
48 69
52 59
52 60
52 61
52 62
59 60
59 61
59 68
60 62
60 68
61 63
61 66
61 68
62 63
62 65
62 68
63 64
63 66
