0 1
0 2
0 3
0 4
0 5
0 18
0 26
0 31
0 32
0 33
0 36
6 7
6 8
6 9
6 10
6 16
6 26
6 30
6 33
6 36
11 12
11 14
11 16
11 17
11 18
11 19
11 21
11 26
11 36
13 14
13 19
13 22
13 26
13 31
14 15
14 16
14 17
14 27
14 36
15 18
15 22
15 27
15 30
16 21
16 24
16 29
16 30
16 32
17 27
17 28
17 29
17 32
18 19
18 20
18 21
18 22
18 34
19 21
19 22
19 25
19 29
19 33
20 22
20 24
20 25
20 27
20 29
20 30
20 31
20 33
21 24
21 29
22 25
22 30
22 31
22 32
23 24
23 25
23 26
23 27
23 28
23 29
23 33
23 36
24 25
24 26
24 27
24 28
24 32
24 35
25 27
25 28
25 35
27 28
27 29
27 31
27 37
28 29
28 32
29 30
29 31
30 31
30 36
31 36
32 36
33 35
33 36
35 36
