0 1
0 3
0 22
0 37
0 42
0 43
0 59
0 61
1 2
1 3
1 4
1 11
1 19
1 24
1 30
2 19
2 25
2 32
2 33
2 43
2 48
3 9
3 10
3 15
3 24
3 37
3 38
3 43
3 59
3 61
4 5
4 9
4 12
4 27
4 59
5 6
5 18
5 26
5 38
5 41
5 42
5 59
6 7
6 20
6 31
6 38
6 51
6 54
8 9
8 37
8 51
8 54
8 56
9 10
9 11
9 12
9 13
9 14
9 15
9 16
9 17
9 18
9 19
9 20
9 21
9 22
9 23
9 37
9 41
9 51
10 12
10 13
10 19
10 30
11 12
11 17
11 19
11 21
11 23
11 29
11 48
12 13
12 14
12 15
12 16
12 17
12 19
12 23
12 24
12 31
12 36
13 18
13 24
13 26
13 27
13 30
14 22
14 25
14 31
14 41
15 27
15 28
15 37
16 17
16 23
16 24
16 48
17 19
17 23
18 19
18 22
18 24
18 28
18 29
18 41
19 23
19 29
20 38
20 41
20 42
20 50
20 51
20 54
21 23
21 32
21 62
21 63
22 23
22 30
22 41
22 42
22 46
23 25
23 27
23 29
24 25
24 37
25 41
25 47
25 50
25 58
26 27
27 33
27 34
27 35
28 38
28 47
28 48
28 60
29 32
30 34
30 35
30 39
30 46
31 32
31 35
31 40
31 42
31 43
32 33
32 40
32 43
32 53
33 43
33 52
34 48
34 52
34 59
35 43
35 57
37 44
37 45
37 51
38 39
38 41
48 49
50 51
51 54
51 55
