0 1
0 20
0 32
0 40
0 50
0 52
2 3
2 15
2 16
2 17
2 23
2 25
2 26
2 27
2 28
2 34
2 43
4 5
4 6
4 11
4 13
4 26
4 42
4 46
4 49
5 6
6 7
6 11
6 12
6 42
6 48
7 8
7 11
7 30
7 45
9 10
9 29
9 37
9 39
9 40
10 18
10 29
10 37
10 47
10 50
11 20
11 30
11 39
11 41
11 49
12 13
12 19
12 20
12 24
13 14
13 18
13 41
13 50
13 51
14 15
14 16
14 17
14 18
14 35
14 43
15 16
15 17
15 18
15 28
15 35
15 39
15 49
16 17
16 28
16 43
17 24
17 25
17 26
17 34
17 35
17 43
18 41
18 50
18 51
20 21
20 22
21 30
21 37
21 38
22 31
22 37
22 38
22 39
22 40
22 41
22 46
23 24
23 26
23 28
23 35
23 36
24 25
24 26
24 28
25 28
25 35
25 37
26 35
27 28
27 30
27 39
27 42
27 46
27 48
28 30
28 35
28 36
29 30
29 32
29 39
29 44
30 31
30 32
30 37
30 38
30 39
30 40
31 32
31 37
31 38
31 41
32 33
32 40
32 43
35 36
35 43
37 39
37 46
38 39
38 40
38 42
38 52
39 44
39 46
40 46
42 43
42 46
42 49
46 48
46 49
