0 1
0 7
0 8
0 9
0 13
0 26
0 28
0 36
1 2
1 3
1 4
1 5
1 6
1 7
1 8
1 9
1 10
1 11
1 14
1 21
1 36
2 6
2 7
2 11
2 17
2 21
2 37
3 8
3 12
3 13
3 17
3 26
4 12
4 21
4 26
4 33
4 36
5 7
5 10
5 12
5 13
5 16
5 17
5 18
5 20
6 7
6 10
6 22
6 23
7 8
7 9
7 10
7 16
7 18
7 22
7 28
8 10
8 28
9 10
9 28
10 16
10 18
10 20
12 13
12 16
12 20
12 21
12 26
12 36
13 16
13 21
13 29
14 15
14 19
14 31
14 36
14 40
15 16
17 18
17 20
17 22
17 23
17 36
18 20
18 24
20 28
20 32
21 23
21 29
22 23
22 27
22 28
23 25
23 27
23 34
28 30
34 35
34 37
34 38
34 39
34 40
