0 1
0 2
0 3
0 5
0 6
4 5
4 17
4 24
4 25
4 36
7 8
7 22
7 36
7 46
7 54
8 9
9 12
9 21
9 22
9 23
9 24
9 26
9 29
9 30
9 36
9 46
10 11
10 15
10 16
10 17
10 35
10 46
10 55
11 12
11 43
11 52
11 53
11 54
11 56
12 16
12 18
12 21
12 25
12 33
12 37
12 39
12 44
12 46
13 14
13 17
13 20
13 22
13 27
13 38
13 46
13 49
14 15
15 21
15 22
15 27
15 32
16 19
16 22
16 25
16 27
16 28
16 33
16 37
16 38
16 39
16 46
17 18
17 20
17 22
17 24
17 34
17 36
17 38
17 42
17 46
18 19
18 41
18 46
19 23
19 29
19 46
19 51
20 21
20 45
20 49
21 23
21 46
21 47
22 23
22 24
22 25
22 26
22 27
22 28
22 29
22 30
22 33
23 24
23 25
23 29
23 31
23 37
23 38
24 36
24 52
25 26
25 27
25 34
25 42
25 46
25 48
26 29
26 31
26 43
27 28
27 30
27 33
27 34
28 35
28 39
28 46
28 48
28 54
29 31
29 43
29 49
30 36
30 44
30 45
30 47
31 48
31 53
33 39
33 49
34 35
34 38
34 42
34 45
34 55
36 44
36 46
36 48
37 39
37 40
39 44
41 42
42 50
43 44
43 45
44 45
44 46
44 52
46 48
46 50
47 48
48 56
