0 1
0 13
0 16
0 18
0 29
0 36
0 43
0 45
2 3
2 11
2 23
2 32
2 42
2 45
2 55
4 5
4 9
4 10
4 12
4 33
4 49
4 54
4 59
5 6
5 9
5 40
5 46
5 47
6 8
6 13
6 14
6 18
6 20
6 22
6 26
6 28
6 30
6 40
6 41
6 45
6 47
6 48
6 49
7 8
7 17
7 26
7 27
7 28
7 31
7 55
7 63
8 9
8 10
8 25
8 31
9 11
9 12
9 25
9 31
10 13
10 31
10 40
10 54
10 63
11 12
11 13
11 14
11 15
11 46
11 55
11 62
11 63
12 13
12 15
12 25
12 33
12 39
12 63
13 31
13 47
14 23
14 32
14 37
14 40
15 25
15 32
15 39
16 23
16 40
16 46
16 60
16 65
17 18
17 31
17 34
17 55
17 57
17 61
18 40
18 54
19 20
19 31
19 47
19 52
20 21
20 22
20 31
20 47
20 65
21 22
21 41
21 42
21 47
21 64
22 42
22 47
23 24
23 37
23 38
23 40
23 47
23 50
24 25
25 33
25 54
26 30
26 47
26 51
26 65
27 45
27 52
27 53
28 29
28 37
28 43
28 49
29 30
29 47
30 44
30 45
30 54
31 32
31 33
32 43
32 44
33 51
33 63
34 35
34 36
34 42
34 43
34 47
34 62
36 37
36 47
36 50
37 38
37 40
37 56
38 40
38 64
38 65
39 47
40 47
40 64
41 47
41 50
41 52
41 53
42 47
42 49
42 64
47 48
47 50
47 53
49 50
49 54
49 61
50 57
50 58
50 59
52 53
52 54
53 64
54 55
