0 1
0 4
0 12
0 13
0 14
0 32
2 3
2 4
2 8
2 13
2 29
2 31
4 5
4 8
4 11
4 12
4 13
4 21
4 24
4 32
5 8
5 14
5 16
5 17
6 7
6 14
6 15
6 32
6 33
7 8
7 9
7 10
7 11
7 12
7 13
7 14
8 10
8 11
8 21
8 23
8 24
8 31
9 10
9 11
9 12
9 13
9 15
9 18
9 29
10 11
10 14
10 15
10 16
10 17
10 21
10 29
11 18
11 23
11 29
12 14
12 21
12 32
13 32
14 17
14 25
14 30
14 32
15 16
15 17
15 21
15 22
15 29
16 17
16 26
16 27
16 29
17 24
17 25
17 29
18 19
18 20
18 23
21 22
21 24
21 25
22 23
22 24
22 34
23 24
24 29
24 30
24 31
25 33
25 35
25 38
27 28
28 33
28 36
28 37
28 38
