0 1
0 4
0 24
0 32
0 33
0 34
2 3
2 13
2 14
2 19
2 20
2 21
2 24
2 25
3 4
3 13
3 17
3 21
4 5
4 7
4 9
4 11
4 13
4 17
4 19
4 21
4 22
4 23
4 24
4 27
4 29
5 6
5 7
5 9
5 13
5 16
5 24
6 7
6 8
6 9
6 10
6 19
6 24
6 34
7 8
7 9
7 16
7 24
8 13
8 16
8 24
9 11
9 12
9 13
9 22
9 23
9 24
9 27
9 33
10 11
10 12
11 22
11 27
11 31
11 34
12 27
12 29
12 35
13 17
13 18
13 25
13 33
14 15
14 16
14 18
14 19
14 20
14 21
14 34
14 37
16 17
16 18
16 25
17 21
17 25
17 30
18 19
18 34
19 20
19 21
19 24
20 21
20 24
20 27
20 36
21 24
21 27
22 23
22 28
22 29
23 28
23 34
24 25
25 26
26 27
