0 1
0 11
0 14
0 17
0 24
0 25
0 30
0 31
2 3
2 10
2 15
2 16
2 19
2 20
2 23
2 26
2 31
2 40
4 5
4 6
4 17
4 19
4 20
4 21
4 30
6 7
6 8
6 9
6 10
6 11
6 12
6 13
6 16
6 28
9 10
9 12
9 28
10 26
10 42
11 17
11 21
11 22
11 25
11 37
11 42
12 17
12 18
12 23
12 24
12 41
13 14
14 24
14 25
14 27
14 29
14 31
14 32
14 34
14 37
15 16
15 19
15 24
15 25
15 30
15 32
15 42
16 17
16 31
16 35
16 37
17 22
17 23
17 26
17 31
17 38
17 41
19 23
19 31
19 34
20 21
20 24
20 38
21 22
21 23
21 36
21 42
22 23
22 24
23 30
24 27
24 30
24 31
24 32
24 37
24 41
25 28
26 27
26 28
26 31
27 28
27 31
27 35
29 30
30 31
30 32
30 33
30 34
31 33
31 37
31 41
32 45
33 35
33 38
33 43
34 36
34 46
35 36
35 37
35 40
35 44
36 38
36 40
36 42
37 38
37 40
38 39
38 41
38 42
38 44
41 42
