0 1
0 4
0 13
0 17
0 21
0 22
0 24
0 27
2 3
2 5
2 8
2 9
2 12
2 18
2 20
2 23
2 26
2 27
5 6
5 8
5 14
5 18
5 21
6 7
6 14
6 18
6 21
8 13
8 17
8 18
8 31
9 10
9 12
9 13
9 17
9 18
9 31
10 11
10 12
10 17
10 21
10 22
10 26
11 13
11 14
11 15
11 21
11 24
12 16
12 22
12 26
12 27
14 18
14 20
14 22
14 23
14 24
15 16
15 18
15 19
15 20
15 22
15 23
15 24
15 28
15 30
16 17
16 31
16 32
17 21
17 23
17 24
17 25
17 26
17 27
18 19
18 20
18 21
18 22
18 23
19 20
19 21
19 23
19 27
19 28
20 21
20 22
20 23
20 28
21 26
21 28
22 23
22 24
22 27
23 24
23 26
25 26
26 29
