0 1
0 8
0 9
0 30
0 33
2 3
2 10
2 11
2 26
2 29
2 42
2 44
3 4
3 7
3 9
3 33
4 7
4 9
4 32
4 44
5 6
5 7
5 12
5 13
5 14
5 34
8 9
8 19
8 29
8 35
8 43
8 44
8 48
9 10
9 11
9 23
9 30
9 40
9 43
10 14
10 15
10 27
10 30
10 31
10 42
10 43
11 12
11 13
11 27
11 28
11 29
11 34
11 35
11 43
12 13
12 20
12 34
13 24
13 26
13 34
13 38
14 30
14 31
14 42
15 16
15 19
15 22
15 23
15 25
15 26
15 28
15 29
15 30
16 17
16 18
16 26
16 28
16 37
18 19
18 22
18 25
18 26
18 28
18 34
19 23
19 26
19 28
19 30
20 21
20 25
20 26
20 28
20 34
21 26
21 27
21 28
22 24
22 25
22 27
22 31
22 48
22 50
23 24
24 25
24 34
24 38
24 45
24 48
25 45
25 48
25 55
26 34
26 39
26 44
26 57
27 28
27 51
27 60
27 61
28 29
28 39
28 61
29 30
29 35
30 31
30 42
34 37
34 38
34 43
34 53
34 56
35 36
35 39
35 40
35 41
38 51
38 55
43 44
43 54
45 46
45 47
45 48
45 55
46 50
46 51
46 52
46 53
46 54
48 49
48 51
48 52
48 55
49 50
50 53
50 54
50 59
53 54
53 58
53 59
