0 1
0 2
0 5
0 12
0 20
0 22
2 3
2 8
2 12
2 14
2 21
4 5
4 6
4 7
4 8
4 9
4 15
4 16
4 18
5 9
5 11
5 20
5 32
6 18
6 24
6 25
6 27
7 12
7 15
7 18
7 25
8 13
8 15
8 16
8 18
8 21
9 12
9 14
9 16
9 17
9 18
9 30
10 11
10 23
10 25
10 27
10 28
10 29
10 31
12 13
12 15
12 18
13 15
13 26
13 27
13 32
14 15
14 18
14 19
14 24
14 29
14 30
15 16
15 17
15 18
15 19
16 18
16 21
16 24
16 30
17 18
17 25
17 29
17 30
18 19
18 21
18 24
18 25
18 27
18 30
19 25
19 30
21 30
24 29
24 30
25 29
25 30
25 32
27 28
27 31
27 32
29 32
30 32
