0 1
0 4
0 7
0 10
0 27
2 3
2 5
2 11
2 18
2 21
2 22
2 47
4 5
4 8
4 9
4 24
4 37
5 6
5 7
5 9
5 36
5 37
6 7
6 13
6 37
6 38
6 44
6 51
7 37
7 42
7 44
8 9
8 10
8 11
9 12
9 16
9 17
9 36
9 37
10 17
10 20
10 22
10 28
11 18
11 50
11 56
12 20
12 23
12 24
12 25
12 26
12 37
12 45
14 15
14 19
14 27
14 28
14 29
15 16
15 17
15 20
15 26
15 30
16 17
16 18
16 20
16 27
16 32
17 18
17 19
17 20
17 40
18 19
18 20
18 37
19 20
19 22
19 25
19 26
19 27
19 37
20 23
20 26
20 27
22 30
22 39
22 41
22 48
22 54
23 24
23 27
23 52
23 53
24 25
24 27
24 28
24 37
25 26
25 28
26 27
26 28
26 46
27 28
28 30
28 49
28 55
28 57
29 30
30 31
30 37
30 44
32 33
32 34
32 35
32 38
37 38
37 43
37 44
