0 1
0 3
0 7
0 15
0 17
0 20
1 2
2 7
2 21
2 22
2 45
3 4
4 7
4 12
4 15
4 36
4 44
5 6
5 15
5 20
5 29
5 49
5 50
5 54
5 58
7 8
7 9
7 10
7 11
7 12
7 13
7 14
7 15
8 17
8 23
8 48
8 64
9 11
9 14
9 16
9 20
9 35
9 36
9 41
9 52
10 12
10 14
10 18
10 30
10 46
10 58
11 14
11 24
11 26
11 33
11 43
11 48
11 52
11 55
12 19
12 25
12 33
12 58
13 28
13 54
13 56
13 58
13 63
14 16
14 18
15 38
15 52
15 58
17 18
18 28
18 41
19 20
19 22
19 34
19 45
19 52
20 21
21 26
21 27
21 34
21 52
24 25
24 33
24 34
24 51
25 26
26 34
26 52
28 29
28 56
28 63
30 31
30 32
30 33
30 37
30 46
30 49
33 34
33 40
34 35
35 36
35 37
35 43
36 37
36 41
36 43
36 57
36 59
37 38
38 39
38 41
38 50
38 54
41 42
41 52
41 59
44 45
44 47
44 60
44 61
52 62
53 54
53 58
53 66
53 67
53 68
54 57
54 58
58 61
58 63
58 65
