0 1
0 2
0 3
0 4
0 66
5 6
5 7
5 10
5 16
5 50
5 52
8 9
8 11
8 13
8 15
8 26
8 40
8 43
8 61
11 12
11 25
11 30
11 46
11 53
13 14
13 22
13 41
13 44
13 56
13 75
13 77
17 18
17 19
17 23
17 26
17 30
17 32
17 34
17 63
20 21
20 32
20 75
20 79
20 82
21 29
21 32
21 33
21 45
21 63
22 23
22 24
22 31
22 38
22 59
22 71
23 24
24 48
24 56
24 63
25 26
25 27
25 31
25 33
25 34
25 35
25 36
25 37
25 43
25 76
26 27
26 28
26 29
27 35
27 36
27 45
27 60
28 29
28 35
28 41
28 47
28 49
29 33
29 38
29 43
29 44
29 45
29 46
30 31
30 32
31 32
31 33
31 36
32 34
32 44
32 48
32 61
32 64
32 67
32 71
33 35
33 36
33 40
33 42
33 43
33 45
33 50
34 67
34 80
35 38
35 40
35 43
35 45
36 46
36 78
37 38
37 40
37 41
37 42
37 68
38 39
38 41
38 46
38 55
38 63
38 64
38 69
40 42
40 45
40 46
41 61
41 67
41 79
42 43
42 44
42 45
43 44
43 45
43 71
44 67
44 71
46 66
50 51
50 53
50 54
50 61
53 54
53 59
53 66
56 57
56 58
56 59
56 61
56 62
56 63
56 64
56 65
56 67
58 59
59 61
59 67
61 73
63 67
63 72
64 67
64 70
64 74
67 81
