0 1
0 14
0 15
0 27
0 30
0 32
0 33
0 36
0 60
2 3
2 4
2 15
2 16
2 20
2 21
2 26
4 5
4 16
4 17
4 22
4 39
4 43
4 44
6 7
6 19
6 25
6 31
6 44
8 9
8 13
8 17
8 24
8 35
10 11
10 12
10 40
10 52
10 66
14 15
14 20
14 21
14 27
14 60
15 16
15 17
15 18
15 27
15 29
15 63
16 67
17 18
17 20
17 36
17 40
17 50
18 19
18 25
18 49
18 52
18 59
18 62
19 26
19 27
19 30
19 34
19 35
19 51
19 58
20 21
20 47
20 60
21 38
21 43
22 23
22 36
22 43
22 65
23 33
23 37
23 54
23 61
25 26
25 38
25 44
25 48
25 56
26 34
26 40
26 41
26 58
27 28
27 30
27 34
27 40
27 57
30 31
30 33
30 46
30 57
31 38
31 46
31 52
31 58
32 33
32 40
32 42
32 60
32 61
33 40
33 45
33 50
34 35
34 38
34 46
34 49
34 56
35 46
35 49
35 56
36 37
36 47
36 60
36 64
38 42
38 46
38 53
38 58
40 48
40 52
40 54
40 55
