0 1
0 4
0 20
0 29
0 30
0 34
0 57
0 63
2 3
2 6
2 9
2 32
2 41
2 51
2 59
2 72
4 5
4 13
4 18
4 56
4 67
4 69
7 8
7 19
7 27
7 38
7 40
7 46
9 10
9 11
9 12
9 15
9 18
9 21
9 41
9 49
9 51
13 14
13 20
13 32
13 41
13 51
13 56
13 60
16 17
16 32
16 40
16 65
16 70
16 73
17 18
17 19
17 20
17 39
17 52
17 54
17 68
18 20
18 34
18 48
19 23
19 25
19 26
19 27
19 34
19 39
19 53
20 29
20 42
20 57
20 60
21 22
21 32
21 39
21 51
22 24
22 39
22 41
22 42
22 68
23 24
23 35
23 45
23 54
24 25
24 26
24 27
25 26
25 28
25 37
25 38
25 44
25 64
26 37
26 38
26 46
27 37
27 39
27 40
27 41
27 46
29 30
29 31
29 34
29 37
29 41
29 68
29 74
30 31
30 47
30 54
30 55
30 61
31 36
31 56
31 58
31 71
32 33
32 40
32 51
32 55
33 34
33 42
33 52
34 37
34 41
34 55
36 57
36 58
36 71
37 71
38 42
38 43
40 42
40 75
41 42
41 51
41 57
41 58
41 60
42 62
42 68
42 74
49 50
51 56
56 57
57 62
57 68
57 74
58 66
58 67
58 71
60 62
60 68
60 74
