0 1
0 2
0 5
0 6
0 10
0 32
1 2
1 10
1 23
1 30
2 6
2 20
2 40
2 43
2 50
3 4
3 19
3 22
3 25
3 26
4 11
4 12
4 16
4 46
4 48
5 9
5 22
5 27
5 36
5 40
5 44
5 49
6 13
6 23
6 36
6 38
7 8
7 15
7 16
7 19
7 22
7 28
7 36
7 45
9 12
9 26
9 27
9 39
9 40
10 11
10 14
10 25
10 28
10 29
10 30
10 31
10 33
11 12
12 20
12 26
12 39
12 47
12 49
13 14
13 22
13 29
13 31
13 32
13 48
13 49
14 29
14 35
14 37
14 40
15 16
16 33
16 41
16 51
17 18
17 39
17 42
17 52
17 54
19 20
19 21
19 22
19 46
19 48
20 23
20 37
20 39
21 40
21 42
21 44
21 45
21 46
22 23
22 24
22 44
23 31
23 32
23 37
23 40
23 49
25 29
25 31
25 42
26 27
26 28
26 37
26 42
27 34
27 36
27 40
28 46
28 49
29 30
29 32
29 33
29 55
29 56
30 31
30 32
31 32
31 44
32 44
33 35
33 36
33 37
33 40
36 40
36 44
40 53
