0 1
0 2
0 5
0 15
0 17
0 19
2 3
2 4
2 6
2 7
2 10
2 11
2 17
2 19
2 23
2 24
2 25
2 47
2 50
7 8
7 9
7 11
7 13
7 15
7 18
7 19
7 30
7 36
10 11
10 13
10 27
10 28
10 36
10 37
11 12
11 13
11 14
11 23
11 27
11 30
12 16
12 20
12 21
12 23
13 15
13 18
13 23
13 30
14 16
14 19
14 23
14 32
15 16
15 26
15 27
15 29
15 30
16 17
16 18
16 19
17 19
17 28
18 28
18 30
18 31
19 22
19 23
19 26
19 28
23 24
23 27
23 28
24 26
24 27
24 30
24 37
25 26
25 27
25 36
25 42
25 43
26 36
26 40
26 44
30 33
30 34
30 35
36 43
36 48
36 49
36 51
37 38
37 39
37 40
40 41
40 46
42 43
43 44
43 45
