0 1
0 5
0 17
0 19
0 20
0 25
0 34
0 39
1 2
2 12
2 15
2 17
2 18
2 20
2 21
2 34
3 4
3 11
3 12
3 18
3 21
3 24
4 5
5 10
5 14
5 16
5 21
5 23
5 33
6 7
6 12
6 13
6 14
6 32
7 8
8 9
8 10
8 11
8 12
8 13
8 18
8 32
8 38
9 14
9 19
9 26
9 32
10 11
10 19
10 28
10 32
11 13
11 25
11 28
12 13
12 15
12 27
12 28
12 29
12 32
13 14
13 15
13 22
13 28
13 32
14 28
14 32
15 17
15 19
15 24
15 25
17 18
17 24
17 25
17 26
18 19
18 20
18 21
18 23
18 24
19 20
19 21
19 24
19 26
19 29
19 34
19 35
20 21
20 25
20 26
20 27
21 25
21 26
21 34
23 24
24 35
24 37
25 29
25 30
25 39
26 34
28 31
28 32
28 36
29 34
29 35
29 37
29 39
34 35
35 37
