0 1
0 3
0 11
0 12
0 30
0 31
0 32
0 33
0 42
1 18
1 20
1 27
1 30
1 37
2 3
2 5
2 7
2 12
2 22
2 23
2 25
2 29
2 48
3 4
3 5
3 6
3 7
3 18
3 24
3 28
4 8
4 9
4 10
4 14
4 17
4 18
4 19
4 21
4 30
4 42
5 10
5 12
5 33
5 35
6 7
6 18
6 39
6 49
7 29
7 33
8 9
8 14
8 15
8 29
8 32
8 45
9 10
9 11
9 12
9 13
9 14
9 15
9 16
9 17
9 29
10 12
10 15
10 16
10 17
10 18
10 25
10 30
10 31
11 22
11 23
11 24
11 25
11 36
11 46
12 13
12 14
12 16
12 18
12 37
13 14
13 29
13 47
14 15
14 16
14 19
14 20
14 29
14 36
14 46
15 20
15 29
15 36
16 25
16 29
16 31
16 33
16 47
17 19
17 20
17 21
17 27
18 27
18 30
19 21
19 29
19 40
20 21
20 32
21 26
21 30
21 32
21 41
22 24
22 25
22 30
22 33
22 34
23 24
23 32
23 34
23 36
23 37
23 38
24 25
24 34
25 29
25 33
25 34
29 33
29 42
30 32
31 36
32 37
33 34
33 46
34 36
36 37
37 38
37 40
42 43
42 44
