0 1
0 7
0 8
0 9
0 10
0 11
0 12
0 25
1 2
2 8
2 9
2 13
2 15
2 16
2 19
2 22
2 31
2 32
2 60
3 4
3 5
3 8
3 18
3 30
3 47
4 5
4 6
4 8
4 30
4 47
5 35
5 47
5 58
6 10
6 24
6 41
6 42
6 47
6 68
7 8
7 22
7 25
7 26
7 28
7 29
7 47
7 63
8 15
8 16
8 19
8 22
8 25
8 31
8 32
8 34
8 41
8 70
9 18
9 25
9 26
9 34
9 35
9 40
9 42
10 18
10 30
10 42
11 12
11 36
11 49
12 30
12 36
12 49
14 15
14 16
14 18
14 41
14 42
14 69
15 16
15 17
15 18
15 19
15 20
15 27
16 27
16 32
16 41
16 48
17 28
17 35
17 44
17 51
18 25
18 37
18 39
19 27
19 31
19 32
20 21
20 45
20 46
20 53
22 23
22 24
22 25
22 26
22 53
22 56
24 28
24 29
24 33
24 34
24 35
25 26
25 37
25 38
25 49
25 50
25 57
25 62
26 27
26 30
26 36
26 38
26 39
26 40
26 57
26 62
27 47
27 56
27 68
28 33
28 48
28 49
28 50
28 63
29 35
29 47
29 58
30 31
30 32
31 32
31 39
31 42
31 56
31 60
32 42
32 56
32 60
33 34
33 59
33 61
33 64
34 35
34 43
35 47
36 37
36 49
36 50
37 49
37 51
39 60
39 63
40 41
40 42
40 47
40 50
40 53
40 57
40 65
41 42
41 47
41 54
41 57
41 58
42 57
42 60
42 63
45 46
45 47
45 52
45 53
45 55
45 58
46 52
46 53
46 55
46 56
46 58
47 56
47 67
48 63
49 50
49 51
49 65
50 65
56 63
56 66
56 67
