0 1
0 7
0 8
0 9
0 11
0 23
0 28
0 40
0 57
2 3
2 12
2 22
2 24
2 32
2 58
4 5
4 24
4 33
4 35
4 36
4 37
4 42
4 52
5 6
5 7
5 34
5 40
5 50
5 52
5 59
6 7
6 8
6 13
6 20
6 24
6 26
6 30
6 31
7 19
7 20
7 30
7 31
8 9
8 10
8 12
8 45
8 49
8 61
9 10
9 11
9 12
9 19
10 11
10 12
10 13
10 14
10 19
10 20
10 24
11 12
11 23
11 60
12 13
12 26
12 46
12 55
13 32
13 58
15 16
15 23
15 40
15 48
15 52
17 18
17 25
17 28
17 32
17 33
19 21
19 22
19 24
19 28
20 23
20 26
20 29
20 30
23 30
23 55
23 58
24 28
26 27
26 54
26 56
28 29
28 33
28 40
28 47
29 33
29 38
29 39
29 47
29 51
31 32
32 51
33 52
33 58
34 41
34 63
35 36
35 42
35 43
35 53
37 42
37 43
37 52
37 62
38 39
38 44
38 47
38 64
