0 1
0 2
0 5
0 11
0 16
0 32
0 37
0 61
3 4
3 6
3 7
3 12
3 36
3 44
3 52
6 7
6 32
6 36
6 55
6 58
8 9
8 10
8 11
8 13
8 17
8 51
10 11
11 15
11 27
11 32
11 37
11 46
11 51
11 55
12 13
12 14
12 15
12 60
13 14
13 15
13 16
13 19
13 20
13 22
13 23
13 39
14 21
14 23
14 30
15 21
15 22
16 27
16 42
16 58
18 19
18 20
19 20
19 41
19 44
19 46
19 55
19 58
20 21
20 22
20 30
20 34
20 37
20 38
20 39
20 51
20 55
21 39
21 44
21 56
22 41
22 49
22 51
22 57
24 25
24 29
24 30
24 32
24 43
24 45
24 50
25 26
26 30
26 35
26 47
26 48
27 28
27 32
27 39
27 43
27 52
27 53
28 29
29 43
29 45
29 54
29 55
30 31
30 33
30 34
32 33
32 43
32 50
32 55
33 50
34 37
34 43
34 55
34 58
37 38
37 39
37 40
37 59
45 51
45 55
45 58
51 54
51 55
51 59
52 54
52 55
52 59
