0 1
0 2
0 24
0 25
0 61
0 62
0 65
0 66
3 4
3 14
3 35
3 37
3 44
5 6
5 16
5 19
5 20
5 37
5 46
7 8
7 11
7 12
7 14
7 15
7 63
7 71
9 10
9 13
9 14
9 34
9 40
9 42
9 55
9 62
10 11
10 12
10 13
10 40
10 42
10 57
10 73
11 15
11 23
11 27
11 29
11 33
11 38
11 52
11 63
11 71
12 13
12 24
12 30
12 42
12 53
12 57
12 62
13 16
13 40
13 42
13 58
13 69
14 16
14 25
14 39
14 40
14 57
15 34
15 49
15 55
15 71
16 17
16 22
16 30
16 33
18 19
18 40
18 49
18 62
18 70
19 20
20 33
20 40
20 49
20 58
20 70
21 22
21 23
21 24
21 31
21 32
21 35
21 39
21 62
21 63
21 64
22 23
22 24
23 24
23 32
23 46
23 47
23 54
24 25
24 32
24 51
24 58
25 26
25 27
25 28
25 33
25 62
27 28
27 33
27 38
27 49
27 63
27 72
28 35
28 36
28 38
28 54
28 57
28 62
29 30
29 31
29 52
29 64
29 74
30 31
30 32
30 37
30 46
30 54
31 32
31 34
31 38
31 41
31 64
31 74
32 63
32 64
32 75
33 34
33 35
33 36
33 37
33 54
34 39
34 44
34 51
35 36
35 63
35 68
36 40
36 47
36 49
36 52
36 54
36 58
36 63
37 38
38 51
38 64
39 49
39 52
39 55
39 63
40 56
40 57
42 43
42 57
42 75
44 45
44 46
44 49
44 51
46 48
46 49
46 50
47 48
47 49
47 51
47 52
47 64
48 49
49 51
49 52
49 64
50 51
53 54
54 55
54 59
54 60
55 56
56 57
58 62
58 75
62 63
62 67
63 75
64 74
73 74
74 76
