0 1
0 2
0 27
0 46
0 48
0 49
0 55
3 4
3 5
3 17
3 25
3 31
3 33
3 40
6 7
6 9
6 23
6 27
6 29
7 8
7 16
7 26
7 27
7 33
8 9
8 10
8 11
8 12
8 13
8 14
8 20
8 30
9 13
9 15
9 16
9 20
9 21
9 22
9 25
9 26
9 28
10 11
10 22
10 25
10 33
10 36
11 13
11 33
11 36
11 37
12 17
12 19
12 21
12 32
12 35
12 36
13 16
13 17
13 19
13 24
13 25
13 26
13 29
13 33
14 15
15 20
15 21
15 22
15 23
16 17
16 26
16 35
16 36
16 56
17 18
17 26
17 35
18 26
18 27
18 35
18 43
19 27
19 28
19 35
21 22
21 27
21 28
21 29
21 35
22 24
22 27
22 34
23 24
24 25
24 27
24 28
24 33
25 26
25 28
25 36
26 29
26 33
26 36
26 38
27 28
27 34
27 35
27 37
28 29
29 33
29 37
33 36
35 36
39 40
39 42
39 43
39 46
39 48
39 49
39 52
39 54
39 55
40 41
40 42
40 43
40 44
40 48
40 49
40 56
41 42
41 44
41 48
41 49
42 43
42 44
42 48
42 49
42 50
42 53
42 55
43 45
43 46
43 51
43 54
44 45
44 54
45 46
45 49
45 52
46 47
46 48
46 49
46 50
46 56
47 49
47 51
47 52
47 53
48 49
48 50
48 53
48 54
48 55
49 53
49 54
49 55
50 52
50 53
50 54
52 53
53 54
