0 1
0 2
0 7
0 10
0 11
0 14
0 20
0 21
0 22
0 24
0 25
1 2
1 3
1 4
1 5
1 14
1 31
1 33
1 38
1 40
2 13
2 18
2 24
2 25
2 31
3 12
3 15
3 21
3 31
4 20
4 25
4 34
4 39
5 12
5 17
5 18
5 19
5 25
5 27
6 7
6 8
6 12
6 17
6 18
6 22
6 34
7 8
7 9
7 10
8 13
8 15
8 20
8 35
9 10
9 15
9 28
10 18
10 27
10 29
10 39
11 12
12 14
12 17
12 19
12 25
12 26
12 31
12 35
13 14
13 16
13 19
13 25
13 27
13 31
14 15
14 16
14 39
14 40
15 25
15 28
15 31
15 39
16 21
16 27
16 31
16 39
17 18
17 19
17 20
17 21
17 24
17 25
17 41
18 19
18 25
18 31
18 42
19 28
20 25
20 37
21 24
21 25
21 26
21 30
22 23
22 27
22 29
22 32
24 26
24 39
24 40
25 26
25 28
25 30
25 31
26 39
27 28
28 36
