0 1
0 2
0 6
0 7
0 8
0 9
0 11
0 13
0 21
0 24
0 25
0 26
1 2
1 5
1 9
1 10
1 11
1 32
2 5
2 8
2 15
2 23
2 25
2 33
2 34
3 4
3 10
3 13
3 14
3 26
3 35
3 36
3 38
4 5
5 7
5 9
5 11
5 16
5 17
5 21
5 24
5 25
5 26
6 7
6 12
6 16
6 18
6 19
6 31
7 8
7 9
7 10
7 24
7 34
8 14
8 16
8 20
8 21
8 23
8 24
8 27
8 30
8 32
8 33
9 11
9 19
9 24
9 25
9 34
9 36
10 15
10 20
10 23
10 32
10 34
11 12
11 14
11 19
11 22
11 34
12 13
12 14
13 24
13 40
14 18
14 33
14 35
14 38
14 41
15 16
15 21
15 22
15 23
15 35
15 38
16 17
16 18
16 24
16 26
17 23
17 24
17 26
17 32
17 35
18 24
18 35
19 20
19 21
19 22
19 38
20 29
20 32
20 35
21 22
21 24
21 30
21 36
22 30
22 36
23 35
24 25
24 26
24 32
24 34
24 35
26 32
27 28
27 29
27 30
27 35
27 37
30 31
30 36
33 34
33 35
33 36
34 39
35 36
35 40
