0 1
0 14
0 15
0 25
0 39
0 43
0 45
2 3
2 6
2 7
2 8
2 9
2 38
2 49
4 5
4 22
4 37
4 39
4 52
4 62
4 78
9 10
9 33
9 35
9 37
9 38
9 50
9 74
11 12
11 18
11 19
11 30
11 41
11 42
11 53
11 62
11 86
13 14
13 16
13 25
13 27
13 56
16 17
16 25
16 49
16 65
16 81
16 83
17 18
18 25
18 44
18 48
18 62
18 72
20 21
20 28
20 35
20 47
20 55
20 56
23 24
23 26
23 38
23 52
23 79
24 25
24 26
25 34
25 46
25 49
25 80
25 86
26 47
26 52
26 56
26 59
26 80
26 82
26 86
28 29
29 30
29 32
29 38
29 40
29 41
30 31
30 37
30 38
30 40
30 41
30 42
30 53
30 85
35 36
35 39
35 66
37 53
37 62
37 63
37 64
38 41
38 49
38 65
39 40
39 47
39 51
39 52
39 55
39 59
39 61
40 41
40 42
41 45
41 48
42 53
42 57
42 60
42 62
44 45
45 58
45 70
45 74
46 47
47 51
47 71
47 75
49 72
51 52
51 57
51 74
52 59
52 70
52 74
53 54
53 62
54 67
54 68
54 71
56 65
56 69
56 72
56 74
70 71
70 73
70 84
71 72
72 76
72 77
72 78
