0 1
0 8
0 11
0 18
0 19
0 63
2 3
2 4
2 22
2 30
2 42
2 43
2 55
2 60
5 6
5 15
5 22
5 28
5 31
5 33
5 59
7 8
7 11
7 13
7 14
7 22
7 45
7 54
8 9
8 13
8 20
8 31
8 55
9 11
9 13
9 16
9 36
9 37
9 39
9 42
9 47
9 52
10 11
10 15
10 16
10 19
10 28
10 37
10 39
10 43
11 12
11 13
11 30
11 31
11 45
11 48
12 20
12 27
12 30
12 31
13 14
13 15
13 16
13 17
13 18
13 19
13 25
13 32
13 36
14 19
14 22
14 37
15 16
15 29
15 37
16 17
16 18
16 30
16 37
16 39
16 43
17 27
17 28
17 38
18 24
18 26
18 30
18 31
18 52
19 22
19 28
19 31
19 32
19 33
19 35
19 36
19 37
19 46
19 47
19 54
20 21
20 32
20 45
20 49
20 52
22 23
22 32
23 24
23 28
23 38
23 56
24 36
26 27
26 30
26 31
26 61
27 28
28 31
28 36
28 38
28 42
28 59
28 60
30 31
30 32
30 54
30 59
30 60
31 38
31 59
31 60
32 36
32 37
32 55
33 34
33 35
33 40
36 37
37 58
38 39
38 45
38 53
39 41
42 50
42 62
43 44
43 50
43 52
43 57
50 51
50 52
52 55
52 62
