0 1
0 2
0 3
0 4
0 20
0 22
0 24
0 40
0 43
4 5
4 15
4 19
4 21
4 22
4 30
4 32
6 7
6 15
6 20
6 21
6 29
6 31
6 32
7 8
8 12
8 14
8 15
8 19
8 28
9 10
9 12
9 15
9 31
9 36
9 38
10 11
11 15
11 20
11 22
11 24
11 25
11 27
11 32
11 33
11 36
12 13
12 17
12 19
12 21
12 24
12 30
14 15
15 16
15 17
15 18
15 19
15 22
15 36
15 39
16 21
16 23
16 24
16 32
16 41
17 21
17 24
17 30
17 31
17 32
17 42
18 23
18 26
19 23
19 24
19 32
19 42
20 21
20 22
21 22
21 23
21 24
21 29
21 37
22 24
23 26
23 29
23 34
24 30
24 32
29 30
30 37
33 34
33 35
33 36
33 39
