0 1
0 5
0 10
0 22
0 24
0 30
0 31
0 37
0 44
0 51
1 11
1 22
1 26
1 27
1 66
2 3
2 11
2 48
2 50
2 59
2 62
4 5
4 17
4 20
4 27
4 29
4 35
4 46
4 56
5 6
5 7
5 19
5 28
6 18
6 22
6 25
6 43
6 67
7 8
7 16
7 18
7 19
7 70
8 9
8 48
8 80
8 82
8 85
8 87
9 10
9 11
9 16
9 17
9 44
10 14
10 29
10 30
10 33
10 35
10 36
11 21
11 24
11 30
11 31
11 52
11 78
11 83
12 13
12 17
12 23
12 25
12 32
12 41
12 50
12 63
12 89
13 14
14 27
14 61
14 68
15 16
15 20
15 51
15 52
15 78
17 18
17 19
17 25
17 27
17 42
17 43
18 25
18 27
18 30
18 38
19 23
19 39
19 56
20 21
20 25
20 27
20 28
20 36
20 46
21 22
21 23
21 30
21 33
21 38
22 23
22 25
22 44
22 51
22 52
22 53
22 80
22 81
23 24
23 30
23 34
23 36
23 44
23 50
24 25
24 26
24 53
24 58
25 26
25 27
26 30
26 36
26 57
26 63
26 64
27 28
27 29
27 43
27 74
27 84
28 29
28 36
29 30
29 34
29 39
30 31
30 32
30 33
30 47
31 35
32 34
32 48
32 55
32 59
33 36
33 41
33 45
33 49
34 35
35 36
35 60
36 40
36 78
37 38
37 52
37 69
41 42
41 51
41 75
41 77
49 82
49 83
49 85
49 86
49 87
50 51
50 59
50 78
51 54
51 60
52 63
52 84
52 85
52 88
53 64
53 78
53 79
53 81
63 64
63 66
64 65
65 71
65 72
65 73
65 76
