0 1
0 2
0 3
0 4
0 5
0 50
6 7
6 8
6 10
6 20
6 39
6 75
6 76
6 77
8 9
8 15
8 16
8 17
8 20
8 39
8 43
8 59
8 60
9 10
9 11
10 35
10 39
10 41
11 12
11 14
11 15
11 16
11 17
11 19
11 21
12 13
13 15
13 20
13 35
13 70
13 71
13 72
14 15
14 25
14 31
14 40
14 51
15 16
15 20
15 35
15 49
15 62
16 20
16 39
16 57
16 62
17 18
18 23
18 24
18 25
18 28
18 41
20 21
20 22
20 60
21 49
21 69
21 73
21 74
22 27
22 39
22 49
22 64
23 25
23 27
23 30
23 37
23 39
24 25
24 26
24 38
24 42
24 46
24 47
24 49
24 50
24 51
25 26
25 27
25 28
25 29
25 42
25 46
26 28
26 29
26 36
26 41
26 42
26 46
27 31
27 32
27 42
27 54
28 36
28 37
28 41
28 42
28 44
28 46
28 47
28 51
29 42
29 46
29 50
29 51
31 32
31 51
31 66
31 68
32 33
32 34
32 36
32 41
34 35
35 55
35 58
36 37
36 38
36 46
36 51
36 55
37 43
37 65
37 67
38 41
38 42
38 43
38 45
38 52
39 48
41 42
41 43
41 46
42 43
42 44
42 45
42 46
42 47
44 46
44 48
44 54
44 55
45 46
45 55
45 56
46 47
46 49
46 50
47 68
49 61
49 63
51 52
51 53
51 54
