0 1
0 4
0 7
0 8
0 9
0 15
0 17
0 21
1 2
2 5
2 6
2 8
3 4
3 5
3 9
3 14
3 15
3 16
4 5
4 8
4 16
4 17
4 26
5 6
5 15
5 18
6 7
6 8
6 9
6 14
6 21
7 8
7 18
7 20
7 25
7 26
8 9
8 10
8 11
8 15
8 16
8 17
8 20
8 26
9 10
9 11
10 11
10 12
10 15
10 16
10 18
10 20
10 27
11 16
11 17
11 18
11 20
11 33
12 13
12 15
12 16
12 20
15 16
15 26
16 17
16 18
17 18
18 19
18 20
18 26
20 22
21 23
21 28
21 30
21 34
21 45
21 46
21 47
23 24
23 27
23 45
23 48
27 34
27 48
27 50
28 29
28 30
28 31
28 32
28 33
28 36
28 37
28 39
28 40
29 30
29 31
29 32
29 33
29 34
30 32
30 34
30 36
30 37
30 40
31 32
31 33
31 34
31 35
31 44
32 33
32 35
32 36
32 39
32 40
32 41
32 42
32 43
33 34
33 35
33 36
33 38
33 40
34 37
34 38
34 39
34 40
34 41
35 37
35 38
35 40
35 42
35 43
35 44
36 37
36 41
37 42
37 44
38 41
38 43
38 44
39 42
39 44
41 43
42 45
42 46
42 47
42 51
43 44
45 46
45 47
45 48
45 50
45 51
46 47
46 49
47 51
48 49
48 50
