0 1
0 2
0 3
0 4
0 5
0 14
0 24
0 33
0 39
0 43
0 51
6 7
6 10
6 47
6 68
6 69
8 9
8 12
8 13
8 14
8 23
8 27
8 32
10 11
10 24
10 33
10 35
10 42
10 47
10 52
10 62
12 17
12 18
12 22
12 26
12 27
12 33
12 34
12 51
12 52
13 15
13 24
13 25
13 27
14 26
14 28
14 39
14 43
14 52
14 70
16 17
16 19
16 33
16 36
16 40
16 43
16 46
17 18
18 45
18 46
18 52
18 55
18 63
18 64
19 20
19 21
19 37
19 39
19 40
19 55
22 23
22 29
22 36
22 38
22 53
24 25
24 33
24 44
24 67
26 27
26 28
26 33
26 35
26 41
27 28
27 29
27 30
27 31
28 29
28 35
28 36
29 34
29 35
29 54
29 57
30 39
30 40
30 43
30 46
31 34
31 47
31 50
31 54
31 62
33 45
33 61
34 35
34 44
34 49
35 39
35 41
35 54
35 57
36 41
36 43
36 50
36 51
36 55
36 66
37 38
37 39
37 40
37 44
37 47
37 54
37 66
38 39
39 44
40 41
40 52
40 55
40 56
40 59
41 42
41 45
41 58
42 49
42 54
42 57
43 45
43 46
43 60
44 45
44 46
45 46
45 51
45 55
45 60
46 55
46 60
47 48
47 62
51 60
52 56
52 65
55 61
