0 1
0 2
0 22
0 23
0 24
3 4
3 6
4 5
5 7
5 13
5 15
5 17
5 26
5 27
5 28
5 29
5 41
5 58
7 8
7 11
7 19
7 21
7 23
7 25
7 26
7 27
9 10
9 15
9 18
9 41
9 51
9 54
9 55
9 56
9 60
11 12
11 13
11 14
11 15
11 21
11 43
11 44
11 57
12 13
12 14
12 15
12 16
12 17
12 42
12 43
12 51
12 62
13 40
13 42
14 17
14 20
14 24
14 27
14 39
14 40
14 53
15 30
15 31
15 54
15 62
16 25
16 30
16 32
16 41
16 49
17 19
17 20
17 21
17 22
17 40
19 21
19 26
19 27
19 29
20 24
20 43
20 47
20 55
21 24
21 27
21 42
22 45
22 53
22 56
23 25
23 26
23 32
23 40
23 46
23 50
24 29
24 35
24 37
24 40
24 47
24 48
24 52
24 55
25 30
25 31
25 32
25 59
26 29
26 30
26 54
27 40
29 35
29 43
29 44
29 47
29 50
29 51
29 54
30 32
30 33
30 34
30 36
31 35
31 47
31 54
32 34
33 37
33 40
33 53
33 57
33 59
34 35
35 39
35 44
35 46
35 54
37 38
37 39
37 40
37 42
37 43
37 44
37 49
39 44
39 47
39 48
39 52
39 54
40 43
40 46
40 47
40 48
40 56
41 46
41 47
41 48
41 49
41 50
43 44
43 45
43 47
43 48
43 53
44 47
44 48
44 49
44 51
44 53
46 47
46 53
46 61
47 48
47 51
47 52
47 53
48 49
48 52
48 53
48 54
48 58
50 53
50 55
51 53
51 55
51 57
52 56
53 55
53 57
54 55
54 57
55 57
55 62
57 60
