0 1
0 7
0 8
0 9
0 14
0 31
1 2
1 3
1 4
1 5
1 6
1 23
1 24
1 25
1 38
2 3
2 6
2 13
2 19
2 23
2 24
2 35
3 8
3 11
3 15
3 20
3 35
4 19
4 20
4 28
4 32
4 33
4 39
5 10
5 14
5 16
5 24
5 27
5 28
5 33
5 34
6 8
6 12
6 35
7 10
7 13
7 18
7 24
7 25
8 11
8 23
8 26
8 31
9 10
9 14
9 20
9 23
9 30
9 35
10 11
10 23
10 24
10 25
10 32
11 12
11 15
11 26
11 29
12 13
12 23
12 28
12 35
13 14
13 15
13 18
13 22
13 33
13 34
14 16
14 37
15 18
15 21
15 29
15 31
16 17
16 19
16 35
16 36
18 19
18 20
19 20
19 34
20 33
20 35
23 25
23 35
24 25
24 41
24 42
27 28
28 29
28 32
28 40
